0 0.0085 0.8645 0.017 0.026
0 0.020166666666666666 0.78575 0.012333333333333333 0.0185
0 0.07683333333333334 0.7785 0.026333333333333334 0.033
0 0.14716666666666667 0.7675 0.013666666666666667 0.021
0 0.013833333333333333 0.764 0.014333333333333333 0.02
0 0.005166666666666667 0.7445 0.010333333333333333 0.041
0 0.12983333333333333 0.72325 0.021 0.0135
0 0.849 0.71575 0.014666666666666666 0.0155
0 0.7973333333333333 0.715 0.012 0.023
0 0.9878333333333333 0.713 0.02033333333333333 0.02
0 0.122 0.70525 0.02 0.0085
0 0.03983333333333333 0.73075 0.05633333333333333 0.0645
0 0.4825 0.69325 0.015666666666666666 0.0185
0 0.2675 0.6995 0.030333333333333334 0.034
0 0.8301666666666667 0.68275 0.01633333333333333 0.0085
0 0.2905 0.6795 0.019666666666666666 0.023
0 0.24533333333333332 0.6685 0.023333333333333334 0.012
0 0.11716666666666667 0.66425 0.017 0.0185
0 0.2693333333333333 0.66 0.023333333333333334 0.012
0 0.08766666666666667 0.6605 0.025333333333333333 0.015
0 0.7988333333333333 0.653 0.026333333333333334 0.012
0 0.8998333333333334 0.6395 0.019666666666666666 0.008
0 0.9748333333333333 0.637 0.017 0.009
0 0.7733333333333333 0.63725 0.058666666666666666 0.0215
0 0.8988333333333334 0.62375 0.02033333333333333 0.0085
0 0.9165 0.622 0.013666666666666667 0.012
0 0.871 0.6215 0.02266666666666667 0.016
0 0.9633333333333334 0.61975 0.04133333333333333 0.0235
0 0.8281666666666667 0.60925 0.015666666666666666 0.0185
0 0.4771666666666667 0.6025 0.013666666666666667 0.017
0 0.158 0.5925 0.011333333333333334 0.012
0 0.7881666666666667 0.596 0.017666666666666667 0.027
0 0.8288333333333333 0.584 0.015666666666666666 0.019
0 0.3263333333333333 0.624 0.128 0.103
0 0.7245 0.58 0.025666666666666667 0.038
0 0.9951666666666666 0.5565 0.009666666666666667 0.015
0 0.6683333333333333 0.559 0.04133333333333333 0.061
0 0.9825 0.53025 0.008333333333333333 0.0155
0 0.9555 0.52925 0.017666666666666667 0.0245
0 0.5 0.75775 1.0 0.4845
0 0.6356666666666667 0.515 0.014 0.013
0 0.9218333333333333 0.517 0.011666666666666667 0.021
0 0.9423333333333334 0.50925 0.009333333333333334 0.0205
0 0.9223333333333333 0.4925 0.02266666666666667 0.028
0 0.8726666666666667 0.493 0.02 0.03
0 0.9746666666666667 0.48025 0.020666666666666667 0.0295
0 0.4495 0.52 0.09566666666666666 0.111
0 0.7055 0.4155 0.05433333333333333 0.048
0 0.5926666666666667 0.4605 0.19266666666666668 0.182
0 0.7346666666666667 0.35125 0.016 0.0215
0 0.9693333333333334 0.343 0.015333333333333332 0.011
0 0.669 0.36025 0.024 0.0465
0 0.9496666666666667 0.34475 0.024666666666666667 0.0165
0 0.9706666666666667 0.181 0.058666666666666666 0.101
