0 0.23177083333333334 0.9527777777777777 0.029166666666666667 0.044444444444444446
0 0.19765625 0.9037037037037037 0.0234375 0.020370370370370372
0 0.6127604166666667 0.8685185185185185 0.0265625 0.06111111111111111
0 0.6703125 0.8300925925925926 0.015625 0.030555555555555555
0 0.9940104166666667 0.8231481481481482 0.011979166666666667 0.044444444444444446
0 0.640625 0.7972222222222223 0.017708333333333333 0.02962962962962963
0 0.5921875 0.8069444444444445 0.04375 0.08796296296296297
0 0.6640625 0.7296296296296296 0.022916666666666665 0.04259259259259259
0 0.9791666666666666 0.5518518518518518 0.0125 0.03148148148148148
0 0.8299479166666667 0.5259259259259259 0.025520833333333333 0.027777777777777776
0 0.74375 0.40694444444444444 0.015625 0.025
0 0.70390625 0.3851851851851852 0.028645833333333332 0.037037037037037035
0 0.5 0.5 1.0 1.0
