0 0.768359375 0.9638888888888889 0.04140625 0.03611111111111111
0 0.2296875 0.9597222222222223 0.0296875 0.05
0 0.176953125 0.9340277777777778 0.02109375 0.05416666666666667
0 0.69609375 0.9034722222222222 0.034375 0.0625
0 0.19921875 0.8902777777777777 0.025 0.05277777777777778
0 0.4859375 0.86875 0.0765625 0.05694444444444444
0 0.315234375 0.7784722222222222 0.04765625 0.0625
0 0.160546875 0.7479166666666667 0.03515625 0.04027777777777778
0 0.15859375 0.6381944444444444 0.0703125 0.07916666666666666
0 0.654296875 0.6152777777777778 0.04296875 0.041666666666666664
0 0.4390625 0.6166666666666667 0.0203125 0.06944444444444445
0 0.0609375 0.55 0.09375 0.2361111111111111
0 0.02890625 0.4166666666666667 0.0359375 0.04722222222222222
0 0.287109375 0.5020833333333333 0.18046875 0.3402777777777778
0 0.4890625 0.2611111111111111 0.0484375 0.06111111111111111
