0 0.9104166666666667 0.9777777777777777 0.17916666666666667 0.03333333333333333
0 0.346875 0.9777777777777777 0.07013888888888889 0.044444444444444446
0 0.22534722222222223 0.96875 0.06736111111111111 0.0625
0 0.434375 0.9263888888888889 0.04375 0.022222222222222223
0 0.2798611111111111 0.9333333333333333 0.022222222222222223 0.06388888888888888
0 0.5972222222222222 0.8833333333333333 0.02361111111111111 0.05277777777777778
0 0.9458333333333333 0.8569444444444444 0.10833333333333334 0.12222222222222222
0 0.8295138888888889 0.7340277777777777 0.09236111111111112 0.1625
0 0.028819444444444446 0.6520833333333333 0.024305555555555556 0.0375
0 0.740625 0.7756944444444445 0.2881944444444444 0.31805555555555554
0 0.79375 0.059722222222222225 0.02638888888888889 0.058333333333333334
0 0.5045138888888889 0.5 0.9909722222222223 1.0
