0 0.2776303317535545 0.9703663793103449 0.0077725118483412325 0.013469827586206896
0 0.29924170616113743 0.9614762931034483 0.016872037914691943 0.01293103448275862
0 0.12369668246445498 0.9459859913793104 0.006635071090047393 0.009967672413793104
0 0.42834123222748816 0.9517780172413793 0.016492890995260665 0.043642241379310345
0 0.41118483412322276 0.8794450431034483 0.009478672985781991 0.01050646551724138
0 0.30729857819905215 0.8794450431034483 0.009857819905213271 0.01912715517241379
0 0.21127962085308058 0.8685344827586207 0.0077725118483412325 0.007004310344827586
0 0.3361137440758294 0.8712284482758621 0.014407582938388626 0.018857758620689655
0 0.40928909952606635 0.8673221982758621 0.009099526066350712 0.013200431034482759
0 0.08549763033175356 0.869073275862069 0.013270142180094787 0.017241379310344827
0 0.5024644549763033 0.86328125 0.005876777251184834 0.008351293103448275
0 0.20597156398104266 0.8628771551724138 0.006635071090047393 0.009159482758620689
0 0.4171563981042654 0.8615301724137931 0.005497630331753554 0.011314655172413793
0 0.4885308056872038 0.8642241379310345 0.011753554502369668 0.017780172413793104
0 0.1037914691943128 0.8611260775862069 0.013838862559241705 0.016433189655172414
0 0.20199052132701423 0.8557381465517241 0.006635071090047393 0.008351293103448275
0 0.4177251184834123 0.84765625 0.005497630331753554 0.011584051724137932
0 0.12246445497630332 0.8546605603448276 0.024644549763033177 0.02774784482758621
0 0.145781990521327 0.8430765086206896 0.009099526066350712 0.013200431034482759
0 0.15355450236966825 0.83984375 0.006824644549763033 0.0078125
0 0.13431279620853082 0.8446928879310345 0.01914691943127962 0.02774784482758621
0 0.3966824644549763 0.8351293103448276 0.012701421800947868 0.009698275862068966
0 0.3567772511848341 0.8401131465517241 0.02161137440758294 0.01966594827586207
0 0.4370616113744076 0.8469827586206896 0.013838862559241705 0.03502155172413793
0 0.41175355450236967 0.8411907327586207 0.009099526066350712 0.028286637931034482
0 0.19677725118483413 0.8394396551724138 0.0185781990521327 0.030711206896551723
0 0.42691943127962084 0.8286637931034483 0.008341232227488152 0.012392241379310345
0 0.04947867298578199 0.8231411637931034 0.014407582938388626 0.007273706896551724
0 0.21165876777251186 0.8240840517241379 0.008151658767772511 0.010237068965517241
0 0.9395260663507109 0.8188308189655172 0.007962085308056872 0.0078125
0 0.21459715639810426 0.8135775862068966 0.014028436018957346 0.009698275862068966
0 0.1514691943127962 0.8137122844827587 0.011374407582938388 0.01050646551724138
0 0.0867298578199052 0.8147898706896551 0.016872037914691943 0.012661637931034482
0 0.17052132701421802 0.8270474137931034 0.027488151658767772 0.041487068965517244
0 0.19118483412322274 0.8205818965517241 0.01800947867298578 0.03933189655172414
0 0.7465402843601896 0.7967403017241379 0.012511848341232227 0.0051185344827586205
0 0.9856872037914692 0.8054956896551724 0.028625592417061613 0.034482758620689655
0 0.7317535545023697 0.8009159482758621 0.044739336492890996 0.036637931034482756
0 0.12834123222748814 0.7898706896551724 0.0671090047393365 0.024245689655172414
0 0.11611374407582939 0.7813846982758621 0.011184834123222749 0.009967672413793104
0 0.02009478672985782 0.7731681034482759 0.007582938388625593 0.010775862068965518
0 0.20549763033175356 0.7746497844827587 0.014028436018957346 0.014816810344827586
0 0.16246445497630332 0.7693965517241379 0.03146919431279621 0.020474137931034482
0 0.13924170616113743 0.763739224137931 0.00966824644549763 0.01293103448275862
0 0.35658767772511846 0.7545797413793104 0.012890995260663507 0.014008620689655173
0 0.6935545023696682 0.7392241379310345 0.013459715639810426 0.008620689655172414
0 0.6744075829383887 0.7376077586206896 0.011184834123222749 0.013469827586206896
0 0.5599052132701422 0.7444773706896551 0.02293838862559242 0.04714439655172414
0 0.3650236966824645 0.7233297413793104 0.005876777251184834 0.011314655172413793
0 0.9933649289099526 0.6957165948275862 0.005687203791469194 0.011584051724137932
0 0.6314691943127962 0.6861530172413793 0.006066350710900474 0.009698275862068966
0 0.3096682464454976 0.6730872844827587 0.011943127962085309 0.021282327586206896
0 0.6360189573459716 0.6341594827586207 0.008341232227488152 0.007004310344827586
0 0.3285308056872038 0.6258081896551724 0.005687203791469194 0.011853448275862068
0 0.5308056872037915 0.6194773706896551 0.005687203791469194 0.007273706896551724
0 0.1553554502369668 0.6202855603448276 0.008151658767772511 0.008890086206896552
0 0.18075829383886255 0.6139547413793104 0.01042654028436019 0.014008620689655173
0 0.5323222748815166 0.5909213362068966 0.004170616113744076 0.01966594827586207
0 0.5879620853080568 0.5864762931034483 0.007393364928909953 0.036637931034482756
0 0.002748815165876777 0.5517241379310345 0.005497630331753554 0.010237068965517241
0 0.5866350710900474 0.5532058189655172 0.0077725118483412325 0.021821120689655173
0 0.8603791469194313 0.509832974137931 0.005497630331753554 0.008351293103448275
0 0.8682464454976303 0.4925915948275862 0.0034123222748815166 0.012661637931034482
0 0.997914691943128 0.4927262931034483 0.004170616113744076 0.016163793103448277
0 0.9802843601895734 0.4838362068965517 0.011374407582938388 0.005926724137931034
0 0.9951658767772512 0.47723599137931033 0.00966824644549763 0.008890086206896552
0 0.9765876777251185 0.4754849137931034 0.00966824644549763 0.009698275862068966
0 0.9565876777251184 0.4730603448275862 0.006824644549763033 0.008620689655172414
0 0.21639810426540285 0.47346443965517243 0.01990521327014218 0.013200431034482759
0 0.13914691943127963 0.45245150862068967 0.007962085308056872 0.006196120689655173
0 0.1480568720379147 0.4520474137931034 0.008341232227488152 0.007004310344827586
0 0.22777251184834124 0.4419450431034483 0.0077725118483412325 0.014278017241379311
0 0.1533649289099526 0.4391163793103448 0.009478672985781991 0.016163793103448277
0 0.926824644549763 0.4300915948275862 0.010236966824644549 0.0078125
0 0.2395260663507109 0.43723060344827586 0.017630331753554503 0.02478448275862069
0 0.13696682464454976 0.43440193965517243 0.014597156398104265 0.022898706896551723
0 0.1581990521327014 0.42214439655172414 0.007014218009478673 0.013469827586206896
0 0.8977251184834123 0.41163793103448276 0.008530805687203791 0.009159482758620689
0 0.23753554502369667 0.4110991379310345 0.012132701421800948 0.010237068965517241
0 0.25838862559241704 0.4105603448275862 0.0064454976303317535 0.010237068965517241
0 0.17127962085308057 0.40544181034482757 0.01080568720379147 0.009698275862068966
0 0.8917535545023697 0.4222790948275862 0.03184834123222749 0.06223060344827586
0 0.17014218009478674 0.39480064655172414 0.008151658767772511 0.012661637931034482
0 0.9956398104265403 0.3863146551724138 0.008720379146919432 0.00646551724137931
0 0.8937440758293839 0.3857758620689655 0.02218009478672986 0.014547413793103448
0 0.269478672985782 0.40611530172413796 0.05895734597156398 0.060075431034482756
0 0.8017061611374408 0.3762122844827586 0.008341232227488152 0.009967672413793104
0 0.7417061611374408 0.3714978448275862 0.005497630331753554 0.008620689655172414
0 0.8874881516587678 0.37244073275862066 0.016872037914691943 0.011584051724137932
0 0.8064454976303318 0.36866918103448276 0.006824644549763033 0.006196120689655173
0 0.995829383886256 0.3721713362068966 0.008341232227488152 0.0234375
0 0.28398104265402846 0.36314655172413796 0.008720379146919432 0.00646551724137931
0 0.7394312796208531 0.3589709051724138 0.013838862559241705 0.012661637931034482
0 0.28265402843601894 0.3542564655172414 0.005687203791469194 0.012392241379310345
0 0.8943127962085308 0.3504849137931034 0.007014218009478673 0.007543103448275862
0 0.9768720379146919 0.34832974137931033 0.006066350710900474 0.008620689655172414
0 0.7693838862559241 0.35950969827586204 0.04113744075829384 0.0412176724137931
0 0.9006635071090048 0.34294181034482757 0.03184834123222749 0.017241379310344827
0 0.8808530805687204 0.34617456896551724 0.016872037914691943 0.023706896551724137
0 0.8148815165876777 0.36085668103448276 0.02824644549763033 0.057920258620689655
0 0.055829383886255926 0.3336476293103448 0.007393364928909953 0.006734913793103448
0 0.03336492890995261 0.3341864224137931 0.018199052132701423 0.014278017241379311
0 0.26123222748815167 0.3471174568965517 0.043981042654028434 0.044989224137931036
0 0.8946919431279621 0.32570043103448276 0.01042654028436019 0.008620689655172414
0 0.25781990521327014 0.3254310344827586 0.009857819905213271 0.014547413793103448
0 0.04180094786729858 0.3220635775862069 0.0077725118483412325 0.009428879310344827
0 0.9299526066350711 0.3212553879310345 0.00966824644549763 0.008890086206896552
0 0.9039810426540285 0.32219827586206895 0.012322274881516588 0.013469827586206896
0 0.9146919431279621 0.3199084051724138 0.009857819905213271 0.009967672413793104
0 0.9096682464454976 0.3102101293103448 0.004739336492890996 0.01050646551724138
0 0.9298578199052133 0.3058997844827586 0.009478672985781991 0.01050646551724138
0 0.27260663507109006 0.31505926724137934 0.027298578199052133 0.03636853448275862
0 0.9395260663507109 0.30226293103448276 0.014786729857819906 0.011314655172413793
0 0.9163981042654028 0.30105064655172414 0.014028436018957346 0.013200431034482759
0 0.8927014218009479 0.30724676724137934 0.02085308056872038 0.025592672413793104
0 0.8984834123222749 0.2978178879310345 0.00890995260663507 0.009428879310344827
0 0.7525118483412322 0.29539331896551724 0.004360189573459716 0.009428879310344827
0 0.06919431279620854 0.29054418103448276 0.0064454976303317535 0.008890086206896552
0 0.4442654028436019 0.29162176724137934 0.014597156398104265 0.018588362068965518
0 0.7327962085308057 0.2855603448275862 0.006255924170616114 0.008620689655172414
0 0.7814218009478673 0.3080549568965517 0.03981042654028436 0.05414870689655173
0 0.8764928909952606 0.2913523706896552 0.01800947867298578 0.0234375
0 0.31203791469194314 0.29094827586206895 0.03109004739336493 0.025323275862068964
0 0.2633175355450237 0.2803071120689655 0.010995260663507108 0.0078125
0 0.29090047393364926 0.2790948275862069 0.007014218009478673 0.008081896551724138
0 0.27649289099526064 0.27155172413793105 0.00928909952606635 0.009159482758620689
0 0.07118483412322275 0.2722252155172414 0.01042654028436019 0.012122844827586207
0 0.8768720379146919 0.2699353448275862 0.02104265402843602 0.017241379310344827
0 0.8020853080568721 0.2645474137931034 0.006066350710900474 0.009698275862068966
0 0.29412322274881514 0.26495150862068967 0.013080568720379148 0.012661637931034482
0 0.8164928909952607 0.2951239224137931 0.022369668246445498 0.07354525862068965
0 0.2532701421800948 0.26710668103448276 0.011374407582938388 0.018588362068965518
0 0.8864454976303318 0.26144935344827586 0.006066350710900474 0.009967672413793104
0 0.3232227488151659 0.26239224137931033 0.012890995260663507 0.01993534482758621
0 0.76 0.2566002155172414 0.005308056872037914 0.01050646551724138
0 0.7178199052132701 0.25808189655172414 0.008151658767772511 0.013469827586206896
0 0.44957345971563983 0.25579202586206895 0.008151658767772511 0.009967672413793104
0 0.9580094786729858 0.25646551724137934 0.006635071090047393 0.01293103448275862
0 0.0947867298578199 0.25363685344827586 0.008341232227488152 0.008890086206896552
0 0.821042654028436 0.25417564655172414 0.005687203791469194 0.011045258620689655
0 0.870521327014218 0.2512122844827586 0.010236966824644549 0.01050646551724138
0 0.905781990521327 0.2516163793103448 0.02161137440758294 0.015625
0 0.41440758293838864 0.25633081896551724 0.008720379146919432 0.02882543103448276
0 0.7556398104265403 0.24851831896551724 0.009478672985781991 0.013739224137931034
0 0.7849289099526067 0.24636314655172414 0.006255924170616114 0.011584051724137932
0 0.8730805687203792 0.23976293103448276 0.007393364928909953 0.005926724137931034
0 0.7805687203791469 0.2390894396551724 0.008530805687203791 0.005657327586206897
0 0.9009478672985782 0.23733836206896552 0.007014218009478673 0.008620689655172414
0 0.36218009478672986 0.2388200431034483 0.013838862559241705 0.012661637931034482
0 0.885781990521327 0.23666487068965517 0.012701421800947868 0.009967672413793104
0 0.8664454976303317 0.2369342672413793 0.005497630331753554 0.012122844827586207
0 0.2755450236966825 0.24717133620689655 0.015734597156398106 0.03421336206896552
0 0.8771563981042654 0.23168103448275862 0.006824644549763033 0.007004310344827586
0 0.771563981042654 0.2326239224137931 0.009099526066350712 0.009428879310344827
0 0.7817061611374407 0.2322198275862069 0.008530805687203791 0.010237068965517241
0 0.263696682464455 0.24070581896551724 0.008341232227488152 0.030980603448275863
0 0.3123222748815166 0.2361260775862069 0.00928909952606635 0.025053879310344827
0 0.9113744075829384 0.23168103448275862 0.011943127962085309 0.017241379310344827
0 0.7523222748815166 0.2273706896551724 0.006255924170616114 0.009698275862068966
0 0.2554502369668246 0.2312769396551724 0.004360189573459716 0.018588362068965518
0 0.7596208530805687 0.22036637931034483 0.007962085308056872 0.008081896551724138
0 0.8107109004739337 0.22373383620689655 0.014597156398104265 0.02451508620689655
0 0.8988625592417062 0.2156519396551724 0.00966824644549763 0.008890086206896552
0 0.9074881516587677 0.2156519396551724 0.008341232227488152 0.014278017241379311
0 0.4947867298578199 0.21713362068965517 0.008341232227488152 0.01939655172413793
0 0.8895734597156398 0.20851293103448276 0.00966824644549763 0.013469827586206896
0 0.7999052132701422 0.20635775862068967 0.005876777251184834 0.010237068965517241
0 0.2832227488151659 0.2048760775862069 0.007582938388625593 0.011584051724137932
0 0.9072985781990521 0.19989224137931033 0.007962085308056872 0.004849137931034483
0 0.406824644549763 0.20204741379310345 0.004549763033175356 0.009698275862068966
0 0.2972511848341232 0.2153825431034483 0.018957345971563982 0.044450431034482756
0 0.7666350710900474 0.2013739224137931 0.015165876777251185 0.022898706896551723
0 0.45829383886255926 0.19342672413793102 0.006255924170616114 0.008620689655172414
0 0.2786729857819905 0.1966594827586207 0.007962085308056872 0.01670258620689655
0 0.8985781990521327 0.18790409482758622 0.0064454976303317535 0.009428879310344827
0 0.36843601895734596 0.20043103448275862 0.05289099526066351 0.04956896551724138
0 0.8844549763033175 0.17685883620689655 0.003981042654028436 0.011584051724137932
0 0.8733649289099527 0.18197737068965517 0.018957345971563982 0.021821120689655173
0 0.8941232227488152 0.171875 0.008151658767772511 0.004849137931034483
0 0.7444549763033176 0.16608297413793102 0.005687203791469194 0.009967672413793104
0 0.40303317535545025 0.16338900862068967 0.007203791469194313 0.006734913793103448
0 0.8661611374407583 0.16379310344827586 0.0064454976303317535 0.011314655172413793
0 0.05165876777251185 0.1593480603448276 0.007014218009478673 0.0078125
0 0.3985781990521327 0.15786637931034483 0.008151658767772511 0.00646551724137931
0 0.27734597156398105 0.15975215517241378 0.008341232227488152 0.010775862068965518
0 0.8109004739336493 0.1609644396551724 0.00890995260663507 0.014278017241379311
0 0.06720379146919431 0.1549030172413793 0.02028436018957346 0.005926724137931034
0 0.7629383886255924 0.16042564655172414 0.030900473933649288 0.0234375
0 0.46161137440758293 0.15140086206896552 0.0049289099526066355 0.010775862068965518
0 0.3042654028436019 0.16433189655172414 0.032606635071090045 0.036637931034482756
0 0.014691943127962086 0.1466864224137931 0.008530805687203791 0.009428879310344827
0 0.6824644549763034 0.14641702586206898 0.005308056872037914 0.01050646551724138
0 0.3743127962085308 0.14385775862068967 0.0051184834123222745 0.011853448275862068
0 0.7369668246445498 0.15530711206896552 0.013459715639810426 0.035829741379310345
0 0.3638862559241706 0.14493534482758622 0.013080568720379148 0.018857758620689655
0 0.08274881516587677 0.14183728448275862 0.007014218009478673 0.017510775862068964
0 0.05838862559241706 0.1314655172413793 0.0049289099526066355 0.011853448275862068
0 0.5122274881516587 0.1283674568965517 0.009478672985781991 0.012122844827586207
0 0.4003791469194313 0.1280980603448276 0.007203791469194313 0.011584051724137932
0 0.39165876777251185 0.14089439655172414 0.024644549763033177 0.037176724137931036
0 0.5908056872037915 0.11664870689655173 0.01080568720379147 0.009159482758620689
0 0.5244549763033175 0.11826508620689655 0.008151658767772511 0.012392241379310345
0 0.8200947867298578 0.11557112068965517 0.004170616113744076 0.016163793103448277
0 0.5080568720379147 0.11449353448275862 0.014407582938388626 0.018318965517241378
0 0.553175355450237 0.1058728448275862 0.007203791469194313 0.011853448275862068
0 0.06483412322274881 0.10412176724137931 0.019715639810426542 0.013200431034482759
0 0.46834123222748814 0.10088900862068965 0.00966824644549763 0.009428879310344827
0 0.6570616113744076 0.47454202586206895 0.6858767772511848 0.7588900862068966
0 0.6904265402843602 0.09577047413793104 0.008720379146919432 0.006196120689655173
0 0.5024644549763033 0.09644396551724138 0.006255924170616114 0.01293103448275862
0 0.580568720379147 0.10088900862068965 0.024075829383886256 0.030980603448275863
0 0.4513744075829384 0.09226831896551724 0.009478672985781991 0.015355603448275862
0 0.07725118483412323 0.08674568965517242 0.008530805687203791 0.01293103448275862
0 0.022464454976303318 0.08391702586206896 0.008530805687203791 0.011584051724137932
0 0.42587677725118483 0.08230064655172414 0.0036018957345971565 0.009428879310344827
0 0.4399052132701422 0.08674568965517242 0.004360189573459716 0.026400862068965518
0 0.4680568720379147 0.08014547413793104 0.009099526066350712 0.014278017241379311
0 0.48739336492890994 0.08297413793103449 0.013649289099526066 0.02101293103448276
0 0.4585781990521327 0.07974137931034483 0.006066350710900474 0.015625
0 0.2313744075829384 0.06856142241379311 0.006635071090047393 0.008890086206896552
0 0.49715639810426543 0.06384698275862069 0.008530805687203791 0.011853448275862068
0 0.03563981042654028 0.06303879310344827 0.023886255924170617 0.012392241379310345
0 0.05545023696682464 0.05724676724137931 0.01042654028436019 0.006196120689655173
0 0.07990521327014218 0.06586745689655173 0.022559241706161137 0.025592672413793104
0 0.13914691943127963 0.05765086206896552 0.018957345971563982 0.017780172413793104
0 0.002748815165876777 0.05455280172413793 0.005497630331753554 0.011584051724137932
0 0.03109004739336493 0.04674030172413793 0.015165876777251185 0.009428879310344827
0 0.07924170616113745 0.04606681034482758 0.006066350710900474 0.012392241379310345
0 0.09118483412322274 0.049299568965517244 0.01781990521327014 0.023706896551724137
0 0.1581990521327014 0.04323814655172414 0.008151658767772511 0.012661637931034482
0 0.004644549763033175 0.04202586206896552 0.007014218009478673 0.011314655172413793
0 0.5013270142180095 0.0447198275862069 0.01990521327014218 0.018318965517241378
0 0.46246445497630334 0.03919719827586207 0.006255924170616114 0.007273706896551724
0 0.04028436018957346 0.03744612068965517 0.006635071090047393 0.009159482758620689
0 0.011374407582938388 0.07260237068965517 0.022748815165876776 0.08108836206896551
0 0.5110900473933649 0.03421336206896552 0.007962085308056872 0.010775862068965518
0 0.06483412322274881 0.02842133620689655 0.013270142180094787 0.0078125
0 0.2396208530805687 0.028556034482758622 0.0064454976303317535 0.009698275862068966
0 0.08445497630331754 0.013873922413793104 0.01800947867298578 0.009967672413793104
0 0.1266350710900474 0.40382543103448276 0.2532701421800948 0.8076508620689655
0 0.10559241706161138 0.011584051724137932 0.008341232227488152 0.023168103448275863
0 0.047582938388625595 0.008081896551724138 0.006824644549763033 0.016163793103448277
