0 0.8263333333333334 0.978 0.023333333333333334 0.044
0 0.7523333333333333 0.88 0.03 0.054
0 0.873 0.91 0.03 0.126
0 0.6903333333333334 0.858 0.03266666666666666 0.032
0 0.05633333333333333 0.85 0.04066666666666666 0.114
0 0.09833333333333333 0.813 0.03266666666666666 0.056
0 0.26866666666666666 0.883 0.042666666666666665 0.234
0 0.736 0.7705 0.04133333333333333 0.029
0 0.648 0.782 0.11466666666666667 0.086
0 0.575 0.6995 0.03 0.037
0 0.6933333333333334 0.692 0.029333333333333333 0.034
0 0.865 0.6965 0.03266666666666666 0.061
0 0.13433333333333333 0.6665 0.03933333333333333 0.047
0 0.7466666666666667 0.683 0.11466666666666667 0.092
0 0.06366666666666666 0.65 0.026 0.028
0 0.13866666666666666 0.626 0.034666666666666665 0.034
0 0.034333333333333334 0.6225 0.046 0.067
0 0.20433333333333334 0.6015 0.027333333333333334 0.029
0 0.251 0.5985 0.019333333333333334 0.031
0 0.1 0.5935 0.034666666666666665 0.023
0 0.058333333333333334 0.6005 0.019333333333333334 0.041
0 0.25 0.495 0.024 0.048
0 0.9273333333333333 0.49 0.030666666666666665 0.048
0 0.355 0.6375 0.3993333333333333 0.343
0 0.8296666666666667 0.017 0.023333333333333334 0.034
