0 0.1574 0.9941333333333333 0.014 0.011733333333333333
0 0.6776 0.9874666666666667 0.0264 0.025066666666666668
0 0.7118 0.9866666666666667 0.0372 0.02666666666666667
0 0.2442 0.9805333333333334 0.1052 0.038933333333333334
0 0.6998 0.972 0.0236 0.025066666666666668
0 0.3684 0.9754666666666667 0.1472 0.04906666666666667
0 0.0242 0.9693333333333334 0.0484 0.06133333333333333
0 0.0688 0.9578666666666666 0.0248 0.050133333333333335
0 0.0372 0.9442666666666667 0.0136 0.024
0 0.142 0.8552 0.016 0.0176
0 0.0462 0.8522666666666666 0.0276 0.02666666666666667
0 0.3874 0.8416 0.0132 0.017066666666666667
0 0.4184 0.8250666666666666 0.0144 0.017066666666666667
0 0.433 0.8213333333333334 0.014 0.013866666666666666
0 0.2402 0.8293333333333334 0.0508 0.0608
0 0.6052 0.8154666666666667 0.0184 0.0352
0 0.2106 0.8074666666666667 0.0108 0.0256
0 0.2026 0.8136 0.0164 0.037866666666666667
0 0.292 0.8008 0.0216 0.072
0 0.9856 0.7789333333333334 0.0216 0.029333333333333333
0 0.2076 0.772 0.0264 0.029333333333333333
0 0.769 0.7669333333333334 0.0124 0.021333333333333333
0 0.2998 0.7570666666666667 0.0124 0.03573333333333333
0 0.2264 0.7642666666666666 0.0336 0.058666666666666666
0 0.4488 0.7442666666666666 0.0136 0.0272
0 0.6602 0.7413333333333333 0.0404 0.039466666666666664
0 0.3028 0.7258666666666667 0.0128 0.0192
0 0.983 0.7138666666666666 0.0124 0.024
0 0.4102 0.704 0.0164 0.0288
0 0.2908 0.692 0.0208 0.038933333333333334
0 0.3044 0.6834666666666667 0.0136 0.024
0 0.3624 0.7405333333333334 0.116 0.15306666666666666
0 0.724 0.8253333333333334 0.552 0.34933333333333333
0 0.7768 0.7173333333333334 0.0824 0.14933333333333335
0 0.9278 0.6682666666666667 0.0388 0.05226666666666667
0 0.7566 0.6498666666666667 0.0228 0.022933333333333333
0 0.991 0.6336 0.018 0.029866666666666666
0 0.9668 0.6202666666666666 0.0248 0.0192
0 0.9652 0.6010666666666666 0.0312 0.0384
0 0.4712 0.5850666666666666 0.0128 0.0192
0 0.847 0.5802666666666667 0.0244 0.0352
0 0.5192 0.5586666666666666 0.0184 0.016533333333333334
0 0.5678 0.5184 0.0116 0.021333333333333333
0 0.511 0.46613333333333334 0.0404 0.050133333333333335
0 0.8344 0.43946666666666667 0.0328 0.0288
0 0.5292 0.4325333333333333 0.0192 0.0192
0 0.5654 0.4282666666666667 0.0204 0.0224
0 0.4098 0.4232 0.0116 0.026133333333333335
0 0.5224 0.40426666666666666 0.0216 0.032
0 0.9606 0.3832 0.0228 0.038933333333333334
0 0.899 0.39386666666666664 0.09 0.0624
0 0.4036 0.364 0.0176 0.018666666666666668
0 0.9732 0.2496 0.0136 0.016
0 0.8548 0.22506666666666666 0.0184 0.02666666666666667
0 0.5 0.43706666666666666 1.0 0.8741333333333333
