0 0.1725 0.9704142011834319 0.02 0.05621301775147929
0 0.4041666666666667 0.9445266272189349 0.06166666666666667 0.11094674556213018
0 0.32958333333333334 0.9164201183431953 0.015833333333333335 0.11390532544378698
0 0.52125 0.9075443786982249 0.0275 0.09911242603550297
0 0.9295833333333333 0.875 0.029166666666666667 0.10502958579881656
0 0.08375 0.7063609467455622 0.0225 0.057692307692307696
0 0.5429166666666667 0.6642011834319527 0.03916666666666667 0.11538461538461539
0 0.5833333333333334 0.6627218934911243 0.10666666666666667 0.34023668639053256
0 0.25916666666666666 0.7329881656804734 0.5183333333333333 0.5340236686390533
0 0.4404166666666667 0.4977810650887574 0.019166666666666665 0.08727810650887574
0 0.9695833333333334 0.28846153846153844 0.0225 0.09467455621301775
0 0.81875 0.6072485207100592 0.3625 0.7855029585798816
0 0.47625 0.3217455621301775 0.33416666666666667 0.3683431952662722
0 0.6745833333333333 0.20192307692307693 0.07583333333333334 0.14053254437869822
0 0.43375 0.11168639053254438 0.0225 0.04881656804733728
0 0.09958333333333333 0.16494082840236687 0.1125 0.32988165680473375
