0 0.22791666666666666 0.9532127261384903 0.018333333333333333 0.01372426699937617
0 0.19145833333333334 0.9488459139114162 0.029583333333333333 0.022457891453524642
0 0.2945833333333333 0.9391765439800375 0.05416666666666667 0.039301310043668124
0 0.373125 0.817841547099189 0.01875 0.044915782907049284
0 0.31354166666666666 0.8449781659388647 0.05708333333333333 0.10043668122270742
0 0.7308333333333333 0.7364316905801622 0.02 0.025577043044291953
0 0.08979166666666667 0.7183406113537117 0.015416666666666667 0.028072364316905803
0 0.5033333333333333 0.6634435433562071 0.029166666666666667 0.014348097317529632
0 0.007291666666666667 0.6132252027448534 0.014583333333333334 0.024953212726138492
0 0.058125 0.5617592014971927 0.012083333333333333 0.018091079226450407
0 0.3985416666666667 0.5792264504054897 0.032916666666666664 0.0842170929507174
0 0.04729166666666667 0.5343106674984405 0.019583333333333335 0.020586400499064253
0 0.13791666666666666 0.5159076731129133 0.05333333333333334 0.02994385527136619
0 0.35291666666666666 0.5090455396132252 0.018333333333333333 0.023705552089831567
0 0.7252083333333333 0.6238303181534622 0.5420833333333334 0.3431066749844042
0 0.24666666666666667 0.6057392389270119 0.4691666666666667 0.3094198378041173
0 0.14708333333333334 0.42420461634435436 0.01 0.022457891453524642
