0 0.9664583333333333 0.9286111111111112 0.032916666666666664 0.013888888888888888
0 0.85125 0.9297222222222222 0.0225 0.020555555555555556
0 0.8979166666666667 0.9244444444444444 0.014166666666666666 0.016666666666666666
0 0.620625 0.905 0.12875 0.04777777777777778
0 0.046875 0.8927777777777778 0.09375 0.035555555555555556
0 0.9802083333333333 0.7244444444444444 0.03958333333333333 0.021111111111111112
0 0.20229166666666668 0.7766666666666666 0.18625 0.21
0 0.6960416666666667 0.64 0.02375 0.027777777777777776
0 0.7125 0.6008333333333333 0.0125 0.019444444444444445
0 0.7416666666666667 0.5883333333333334 0.014166666666666666 0.024444444444444446
0 0.7272916666666667 0.5836111111111111 0.01375 0.018333333333333333
0 0.5897916666666667 0.5919444444444445 0.06958333333333333 0.08722222222222223
0 0.2577083333333333 0.5322222222222223 0.015416666666666667 0.01888888888888889
0 0.7504166666666666 0.4961111111111111 0.015 0.02
0 0.723125 0.4713888888888889 0.017916666666666668 0.026111111111111113
0 0.23166666666666666 0.4652777777777778 0.029166666666666667 0.025
0 0.7610416666666666 0.4538888888888889 0.01375 0.021111111111111112
0 0.258125 0.4313888888888889 0.012916666666666667 0.012777777777777779
0 0.7475 0.42777777777777776 0.013333333333333334 0.027777777777777776
0 0.4875 0.5269444444444444 0.315 0.23055555555555557
0 0.24583333333333332 0.37666666666666665 0.025833333333333333 0.022222222222222223
0 0.9564583333333333 0.3463888888888889 0.01125 0.028333333333333332
0 0.31354166666666666 0.23583333333333334 0.01625 0.021666666666666667
0 0.2875 0.2136111111111111 0.010833333333333334 0.021666666666666667
0 0.8433333333333334 0.19277777777777777 0.014166666666666666 0.02666666666666667
0 0.325625 0.37444444444444447 0.28375 0.40555555555555556
0 0.8877083333333333 0.16472222222222221 0.020416666666666666 0.021666666666666667
0 0.24354166666666666 0.11083333333333334 0.042916666666666665 0.05277777777777778
0 0.6454166666666666 0.30583333333333335 0.37333333333333335 0.47833333333333333
0 0.30375 0.02638888888888889 0.02666666666666667 0.029444444444444443
