0 0.14078947368421052 0.9691943127962085 0.026842105263157896 0.0315955766192733
0 0.07210526315789474 0.9656398104265402 0.07473684210526316 0.06872037914691943
0 0.26421052631578945 0.9601105845181674 0.1336842105263158 0.07977883096366509
0 0.2913157894736842 0.915481832543444 0.05842105263157895 0.04107424960505529
0 0.9131578947368421 0.9087677725118484 0.0431578947368421 0.05292259083728278
0 0.22394736842105264 0.8803317535545023 0.022631578947368423 0.030805687203791468
0 0.963421052631579 0.8736176935229067 0.025789473684210525 0.022116903633491312
0 0.38842105263157894 0.8250394944707741 0.06210526315789474 0.03238546603475513
0 0.2026315789473684 0.8048973143759873 0.02631578947368421 0.017377567140600316
0 0.3105263157894737 0.8127962085308057 0.06210526315789474 0.053712480252764615
0 0.18263157894736842 0.778041074249605 0.03368421052631579 0.030015797788309637
0 0.983421052631579 0.7567140600315956 0.03315789473684211 0.017377567140600316
0 0.42789473684210527 0.7417061611374408 0.03368421052631579 0.018957345971563982
0 0.32921052631578945 0.7373617693522907 0.032105263157894734 0.02132701421800948
0 0.3663157894736842 0.7302527646129542 0.024210526315789474 0.02132701421800948
0 0.06631578947368422 0.7243285939968405 0.018947368421052633 0.03475513428120063
0 0.40842105263157896 0.717219589257504 0.05052631578947368 0.030015797788309637
0 0.5 0.5552922590837283 1.0 0.8530805687203792
