0 0.2578125 0.9782986111111112 0.0263671875 0.03819444444444445
0 0.851318359375 0.9661458333333334 0.01318359375 0.03125
0 0.872802734375 0.9592013888888888 0.01123046875 0.059027777777777776
0 0.23486328125 0.9474826388888888 0.0166015625 0.0390625
0 0.1044921875 0.9262152777777778 0.0244140625 0.034722222222222224
0 0.317626953125 0.9223090277777778 0.03662109375 0.030381944444444444
0 0.979248046875 0.9231770833333334 0.03271484375 0.042534722222222224
0 0.548095703125 0.9136284722222222 0.01611328125 0.026909722222222224
0 0.25830078125 0.9292534722222222 0.02734375 0.06510416666666667
0 0.930908203125 0.9149305555555556 0.02490234375 0.07291666666666667
0 0.715576171875 0.8971354166666666 0.01708984375 0.042534722222222224
0 0.69482421875 0.9001736111111112 0.0146484375 0.052083333333333336
0 0.73779296875 0.9036458333333334 0.044921875 0.07291666666666667
0 0.440673828125 0.8780381944444444 0.02294921875 0.030381944444444444
0 0.894287109375 0.9157986111111112 0.03662109375 0.1440972222222222
0 0.332275390625 0.86328125 0.03662109375 0.04600694444444445
0 0.939697265625 0.8528645833333334 0.02294921875 0.03211805555555555
0 0.940185546875 0.8129340277777778 0.03857421875 0.051215277777777776
0 0.710693359375 0.8168402777777778 0.03759765625 0.0625
0 0.44091796875 0.8207465277777778 0.0224609375 0.07725694444444445
0 0.881103515625 0.7847222222222222 0.01025390625 0.029513888888888888
0 0.243408203125 0.8402777777777778 0.06005859375 0.16666666666666666
0 0.19287109375 0.7595486111111112 0.017578125 0.03298611111111111
0 0.343505859375 0.78515625 0.02392578125 0.10850694444444445
0 0.328369140625 0.7361111111111112 0.01806640625 0.03819444444444445
0 0.843017578125 0.7356770833333334 0.01123046875 0.04079861111111111
0 0.037109375 0.7365451388888888 0.0205078125 0.04774305555555555
0 0.259521484375 0.7296006944444444 0.03076171875 0.044270833333333336
0 0.441162109375 0.7213541666666666 0.01708984375 0.029513888888888888
0 0.464599609375 0.7248263888888888 0.01513671875 0.03819444444444445
0 0.316650390625 0.71484375 0.02783203125 0.042534722222222224
0 0.6484375 0.80859375 0.0400390625 0.23177083333333334
0 0.22412109375 0.7239583333333334 0.0390625 0.0642361111111111
0 0.16552734375 0.7000868055555556 0.015625 0.042534722222222224
0 0.237548828125 0.69140625 0.01220703125 0.04774305555555555
0 0.64990234375 0.6762152777777778 0.0244140625 0.041666666666666664
0 0.63232421875 0.6627604166666666 0.01171875 0.0859375
0 0.716796875 0.6202256944444444 0.029296875 0.03732638888888889
0 0.244873046875 0.6388888888888888 0.06494140625 0.08506944444444445
0 0.065185546875 0.6106770833333334 0.02490234375 0.05295138888888889
0 0.770263671875 0.7569444444444444 0.18701171875 0.3802083333333333
0 0.024169921875 0.6501736111111112 0.04833984375 0.17708333333333334
0 0.389404296875 0.7300347222222222 0.06689453125 0.3489583333333333
0 0.9013671875 0.5785590277777778 0.029296875 0.058159722222222224
0 0.389404296875 0.5477430555555556 0.01806640625 0.026041666666666668
0 0.23779296875 0.5646701388888888 0.04296875 0.0685763888888889
0 0.087646484375 0.5381944444444444 0.01416015625 0.020833333333333332
0 0.772705078125 0.5533854166666666 0.02587890625 0.05642361111111111
0 0.271728515625 0.5394965277777778 0.01513671875 0.051215277777777776
0 0.606689453125 0.5286458333333334 0.03173828125 0.041666666666666664
0 0.33154296875 0.6098090277777778 0.0986328125 0.2109375
0 0.066162109375 0.5208333333333334 0.02783203125 0.046875
0 0.33154296875 0.5134548611111112 0.0185546875 0.033854166666666664
0 0.268310546875 0.4952256944444444 0.01904296875 0.0234375
0 0.580322265625 0.4978298611111111 0.02392578125 0.03211805555555555
0 0.552978515625 0.5221354166666666 0.02001953125 0.08072916666666667
0 0.022216796875 0.5177951388888888 0.04443359375 0.07378472222222222
0 0.897216796875 0.5052083333333334 0.04150390625 0.0625
0 0.218505859375 0.4743923611111111 0.01611328125 0.028645833333333332
0 0.393798828125 0.4848090277777778 0.02587890625 0.06163194444444445
0 0.7392578125 0.4296875 0.0146484375 0.07118055555555555
0 0.021240234375 0.4340277777777778 0.03369140625 0.08159722222222222
0 0.889892578125 0.4214409722222222 0.02685546875 0.06336805555555555
0 0.560546875 0.4075520833333333 0.0302734375 0.06336805555555555
0 0.6845703125 0.3680555555555556 0.0166015625 0.024305555555555556
0 0.72802734375 0.3580729166666667 0.015625 0.030381944444444444
0 0.23046875 0.3658854166666667 0.01953125 0.0720486111111111
0 0.3193359375 0.4210069444444444 0.083984375 0.21875
0 0.912109375 0.32421875 0.017578125 0.042534722222222224
0 0.5302734375 0.6223958333333334 0.1953125 0.640625
0 0.384521484375 0.375 0.04052734375 0.1527777777777778
0 0.651123046875 0.33203125 0.04345703125 0.0842013888888889
0 0.264404296875 0.2977430555555556 0.06494140625 0.06076388888888889
0 0.25537109375 0.2643229166666667 0.017578125 0.028645833333333332
0 0.656982421875 0.2690972222222222 0.02294921875 0.043402777777777776
0 0.064697265625 0.2625868055555556 0.01318359375 0.03732638888888889
0 0.37255859375 0.2612847222222222 0.015625 0.03819444444444445
0 0.136474609375 0.4739583333333333 0.22998046875 0.4791666666666667
0 0.1181640625 0.2595486111111111 0.0341796875 0.05381944444444445
0 0.23095703125 0.2560763888888889 0.01171875 0.05381944444444445
0 0.890380859375 0.2478298611111111 0.04150390625 0.058159722222222224
0 0.0498046875 0.2322048611111111 0.0166015625 0.03211805555555555
0 0.775390625 0.3958333333333333 0.19921875 0.3871527777777778
0 0.06689453125 0.19270833333333334 0.01953125 0.026041666666666668
0 0.864990234375 0.1953125 0.04736328125 0.04861111111111111
0 0.079833984375 0.1818576388888889 0.02197265625 0.04079861111111111
0 0.15087890625 0.171875 0.025390625 0.022569444444444444
0 0.142333984375 0.14539930555555555 0.01806640625 0.0234375
0 0.16015625 0.13585069444444445 0.0107421875 0.04774305555555555
0 0.21630859375 0.13541666666666666 0.0185546875 0.04861111111111111
0 0.140380859375 0.1189236111111111 0.02880859375 0.03125
0 0.11181640625 0.12630208333333334 0.029296875 0.051215277777777776
0 0.138916015625 0.0802951388888889 0.03759765625 0.058159722222222224
0 0.3203125 0.04600694444444445 0.025390625 0.022569444444444444
0 0.32958984375 0.018229166666666668 0.021484375 0.034722222222222224
