0 0.23295454545454544 0.9815950920245399 0.02772727272727273 0.03680981595092025
0 0.4456818181818182 0.9492160872528971 0.019545454545454546 0.019768234492160874
0 0.29454545454545455 0.9154737559645535 0.015454545454545455 0.029993183367416496
0 0.4586363636363636 0.9239945466939332 0.016363636363636365 0.04839809134287662
0 0.29409090909090907 0.8616223585548739 0.01818181818181818 0.03135650988411725
0 0.24409090909090908 0.9134287661895024 0.13818181818181818 0.17314246762099522
0 0.5334090909090909 0.8316291751874574 0.035 0.03408316291751875
0 0.3104545454545454 0.7880027266530334 0.02181818181818182 0.04226312201772325
0 0.5790909090909091 0.7849352419904567 0.019090909090909092 0.03885480572597137
0 0.33136363636363636 0.7699386503067485 0.01818181818181818 0.02794819359236537
0 0.04022727272727273 0.7515337423312883 0.014090909090909091 0.02794819359236537
0 0.020681818181818183 0.723585548738923 0.025 0.02931152010906612
0 0.042045454545454546 0.7198364008179959 0.015909090909090907 0.024539877300613498
0 0.545 0.7167689161554193 0.08636363636363636 0.18336741649625085
0 0.6245454545454545 0.7740286298568507 0.5109090909090909 0.45194274028629855
0 0.8245454545454546 0.5330606680299932 0.03 0.03135650988411725
0 0.39386363636363636 0.7389229720518065 0.20136363636363636 0.5221540558963872
0 0.7904545454545454 0.5020449897750511 0.02181818181818182 0.07157464212678936
0 0.8572727272727273 0.5020449897750511 0.025454545454545455 0.08793456032719836
0 0.9002272727272728 0.5044308111792775 0.022272727272727274 0.09679618268575324
0 0.18431818181818183 0.44546693933197 0.017727272727272727 0.02931152010906612
0 0.21181818181818182 0.35855487389229723 0.015454545454545455 0.025903203817314247
0 0.19795454545454547 0.332651670074983 0.017727272727272727 0.028629856850715747
0 0.15681818181818183 0.22119972733469667 0.01818181818181818 0.021131561008861623
0 0.17386363636363636 0.06475800954328562 0.013181818181818182 0.03135650988411725
