0 0.166 0.9649923896499238 0.018 0.0700152207001522
0 0.9675 0.9558599695585996 0.065 0.0882800608828006
0 0.905 0.9474885844748858 0.04 0.1050228310502283
0 0.355 0.928462709284627 0.022 0.0882800608828006
0 0.8935 0.8820395738203958 0.035 0.0624048706240487
0 0.8605 0.8470319634703196 0.031 0.0745814307458143
0 0.3875 0.7595129375951294 0.063 0.076103500761035
0 0.8415 0.60882800608828 0.019 0.0852359208523592
0 0.7695 0.5098934550989346 0.045 0.106544901065449
0 0.251 0.4908675799086758 0.044 0.1050228310502283
0 0.8815 0.4931506849315068 0.037 0.1582952815829528
0 0.622 0.363013698630137 0.046 0.0958904109589041
0 0.188 0.3774733637747336 0.056 0.1735159817351598
0 0.0665 0.5859969558599696 0.133 0.5966514459665144
0 0.447 0.5228310502283106 0.404 0.4764079147640791
0 0.541 0.20015220700152206 0.036 0.0563165905631659
0 0.3865 0.1811263318112633 0.073 0.0882800608828006
0 0.358 0.10273972602739725 0.038 0.0502283105022831
0 0.133 0.07990867579908675 0.182 0.1598173515981735
