0 0.6824712643678161 0.9974407327586207 0.011494252873563218 0.0051185344827586205
0 0.7016882183908046 0.9928609913793104 0.007183908045977011 0.005657327586206897
0 0.7204561781609196 0.9938038793103449 0.01670258620689655 0.009159482758620689
0 0.7245869252873564 0.9867995689655172 0.024245689655172414 0.010237068965517241
0 0.9223239942528736 0.9773706896551724 0.008441091954022989 0.00646551724137931
0 0.06932471264367816 0.9663254310344828 0.017959770114942528 0.004310344827586207
0 0.9313038793103449 0.9663254310344828 0.012751436781609195 0.008620689655172414
0 0.3770653735632184 0.978448275862069 0.20204741379310345 0.03556034482758621
0 0.9471084770114943 0.9601293103448276 0.011314655172413793 0.00646551724137931
0 0.9655172413793104 0.9609375 0.014008620689655173 0.009698275862068966
0 0.37311422413793105 0.9563577586206896 0.005208333333333333 0.01293103448275862
0 0.9689295977011494 0.9523168103448276 0.01867816091954023 0.011853448275862068
0 0.5019755747126436 0.9489493534482759 0.007543103448275862 0.0078125
0 0.9863505747126436 0.9519127155172413 0.027298850574712645 0.014816810344827586
0 0.46273347701149425 0.947332974137931 0.007004310344827586 0.009967672413793104
0 0.4822198275862069 0.9470635775862069 0.007183908045977011 0.009967672413793104
0 0.9911099137931034 0.9428879310344828 0.017780172413793104 0.010775862068965518
0 0.6105423850574713 0.9463900862068966 0.055854885057471264 0.02747844827586207
0 0.9462104885057471 0.9217403017241379 0.010596264367816091 0.009428879310344827
0 0.3869432471264368 0.9197198275862069 0.03142959770114943 0.014008620689655173
0 0.9589619252873564 0.9136584051724138 0.010596264367816091 0.0078125
0 0.703753591954023 0.912176724137931 0.01670258620689655 0.009698275862068966
0 0.03026221264367816 0.9090786637931034 0.005567528735632184 0.009428879310344827
0 0.3820941091954023 0.9036907327586207 0.029633620689655173 0.008890086206896552
0 0.9829382183908046 0.908135775862069 0.03412356321839081 0.020474137931034482
0 0.4150502873563218 0.9005926724137931 0.027298850574712645 0.007543103448275862
0 0.4692887931034483 0.8927801724137931 0.016522988505747127 0.005387931034482759
0 0.06806752873563218 0.9022090517241379 0.011853448275862068 0.02478448275862069
0 0.13056752873563218 0.8993803879310345 0.021551724137931036 0.020204741379310345
0 0.08117816091954023 0.8966864224137931 0.004669540229885058 0.015355603448275862
0 0.30082614942528735 0.8930495689655172 0.007183908045977011 0.008620689655172414
0 0.14610272988505746 0.8974946120689655 0.012033045977011493 0.01804956896551724
0 0.24820402298850575 0.8927801724137931 0.0035919540229885057 0.012392241379310345
0 0.6656788793103449 0.8884698275862069 0.010237068965517241 0.004310344827586207
0 0.08683548850574713 0.888604525862069 0.006285919540229885 0.0078125
0 0.04741379310344827 0.8995150862068966 0.027298850574712645 0.03502155172413793
0 0.2711925287356322 0.8861799568965517 0.005747126436781609 0.011045258620689655
0 0.5669001436781609 0.8801185344827587 0.010237068965517241 0.004849137931034483
0 0.46686422413793105 0.8803879310344828 0.017780172413793104 0.008081896551724138
0 0.2588002873563218 0.8879310344827587 0.017241379310344827 0.023168103448275863
0 0.4808728448275862 0.87890625 0.0077227011494252875 0.007273706896551724
0 0.052083333333333336 0.8798491379310345 0.006824712643678161 0.011314655172413793
0 0.28511135057471265 0.8857758620689655 0.012392241379310345 0.024245689655172414
0 0.3487787356321839 0.8803879310344828 0.007902298850574713 0.014547413793103448
0 0.2143498563218391 0.87890625 0.0073635057471264365 0.012661637931034482
0 0.3415948275862069 0.880926724137931 0.007543103448275862 0.018318965517241378
0 0.24568965517241378 0.8782327586206896 0.003232758620689655 0.014008620689655173
0 0.22539511494252873 0.8756734913793104 0.005747126436781609 0.009967672413793104
0 0.09922772988505747 0.8898168103448276 0.03142959770114943 0.03879310344827586
0 0.25538793103448276 0.8760775862068966 0.008261494252873564 0.01293103448275862
0 0.13676364942528735 0.8799838362068966 0.017420977011494254 0.020743534482758622
0 0.18031609195402298 0.8871228448275862 0.0639367816091954 0.036637931034482756
0 0.29400143678160917 0.877020474137931 0.007902298850574713 0.017510775862068964
0 0.28089080459770116 0.872979525862069 0.009339080459770116 0.011584051724137932
0 0.33342313218390807 0.8775592672413793 0.008441091954022989 0.0234375
0 0.3156429597701149 0.8801185344827587 0.026760057471264368 0.030711206896551723
0 0.5739044540229885 0.8669181034482759 0.010237068965517241 0.005926724137931034
0 0.836566091954023 0.8670528017241379 0.007543103448275862 0.011584051724137932
0 0.42016882183908044 0.8758081896551724 0.03538074712643678 0.030711206896551723
0 0.4973060344827586 0.8685344827586207 0.022629310344827586 0.018318965517241378
0 0.3155531609195402 0.8635506465517241 0.005387931034482759 0.008890086206896552
0 0.043013649425287355 0.8638200431034483 0.0077227011494252875 0.009428879310344827
0 0.4623742816091954 0.8578933189655172 0.006645114942528735 0.011045258620689655
0 0.4147808908045977 0.8570851293103449 0.009159482758620689 0.012122844827586207
0 0.5523527298850575 0.8539870689655172 0.0073635057471264365 0.015625
0 0.4040948275862069 0.8537176724137931 0.010775862068965518 0.018318965517241378
0 0.6664870689655172 0.8446928879310345 0.006824712643678161 0.009967672413793104
0 0.5410380747126436 0.8402478448275862 0.004849137931034483 0.010775862068965518
0 0.6885775862068966 0.8452316810344828 0.035919540229885055 0.02882543103448276
0 0.3800287356321839 0.8580280172413793 0.05316091954022988 0.06411637931034483
0 0.7445222701149425 0.8201778017241379 0.006285919540229885 0.012661637931034482
0 0.49461206896551724 0.8216594827586207 0.010775862068965518 0.024245689655172414
0 0.3707794540229885 0.8178879310344828 0.008081896551724138 0.018318965517241378
0 0.42232399425287354 0.8115571120689655 0.013469827586206896 0.020743534482758622
0 0.4489044540229885 0.8030711206896551 0.005567528735632184 0.020474137931034482
0 0.34967672413793105 0.7978178879310345 0.007902298850574713 0.013200431034482759
0 0.34123563218390807 0.7925646551724138 0.005387931034482759 0.013469827586206896
0 0.4992816091954023 0.7844827586206896 0.006824712643678161 0.010775862068965518
0 0.46623563218390807 0.7839439655172413 0.01329022988505747 0.014008620689655173
0 0.28511135057471265 0.775323275862069 0.02244971264367816 0.03178879310344827
0 0.7933728448275862 0.7642780172413793 0.013829022988505748 0.01293103448275862
0 0.23536278735632185 0.7590247844827587 0.03466235632183908 0.030441810344827586
0 0.9605783045977011 0.7459590517241379 0.0077227011494252875 0.009698275862068966
0 0.8051364942528736 0.7477101293103449 0.009339080459770116 0.04391163793103448
0 0.9935344827586207 0.7176724137931034 0.010416666666666666 0.018857758620689655
0 0.8001975574712644 0.7087823275862069 0.005567528735632184 0.008620689655172414
0 0.8409662356321839 0.701239224137931 0.024964080459770114 0.017241379310344827
0 0.8350395114942529 0.6823814655172413 0.0073635057471264365 0.008620689655172414
0 0.9055316091954023 0.7719558189655172 0.18893678160919541 0.21578663793103448
0 0.8913433908045977 0.658135775862069 0.010775862068965518 0.017780172413793104
0 0.8158225574712644 0.6868265086206896 0.032507183908045974 0.07677801724137931
0 0.8836206896551724 0.6470905172413793 0.008620689655172414 0.005926724137931034
0 0.7098599137931034 0.6097790948275862 0.009877873563218391 0.008351293103448275
0 0.6950431034482759 0.6077586206896551 0.008620689655172414 0.009159482758620689
0 0.7046515804597702 0.5987338362068966 0.0073635057471264365 0.011045258620689655
0 0.7204561781609196 0.5952316810344828 0.012033045977011493 0.01912715517241379
0 0.6990840517241379 0.5932112068965517 0.013110632183908046 0.01670258620689655
0 0.11404454022988506 0.5886314655172413 0.03089080459770115 0.029094827586206896
0 0.6748383620689655 0.5758351293103449 0.005567528735632184 0.009428879310344827
0 0.7822377873563219 0.5794719827586207 0.0073635057471264365 0.037176724137931036
0 0.24937140804597702 0.5611530172413793 0.005567528735632184 0.009159482758620689
0 0.31285919540229884 0.5563038793103449 0.007902298850574713 0.008081896551724138
0 0.31851652298850575 0.5484913793103449 0.008081896551724138 0.008620689655172414
0 0.29507902298850575 0.5510506465517241 0.01257183908045977 0.02451508620689655
0 0.28888290229885055 0.5355603448275862 0.005567528735632184 0.011853448275862068
0 0.319683908045977 0.5359644396551724 0.007902298850574713 0.013200431034482759
0 0.29938936781609193 0.5373114224137931 0.008979885057471264 0.01804956896551724
0 0.11332614942528736 0.5272090517241379 0.01329022988505747 0.016163793103448277
0 0.2536817528735632 0.5316540948275862 0.008441091954022989 0.028286637931034482
0 0.2870869252873563 0.5245150862068966 0.010237068965517241 0.014547413793103448
0 0.24775502873563218 0.5241109913793104 0.005208333333333333 0.017510775862068964
0 0.1540948275862069 0.5183189655172413 0.009698275862068966 0.017780172413793104
0 0.14610272988505746 0.5180495689655172 0.014906609195402298 0.01993534482758621
0 0.26849856321839083 0.517645474137931 0.01221264367816092 0.020743534482758622
0 0.1591235632183908 0.5036368534482759 0.007183908045977011 0.011045258620689655
0 0.6866020114942529 0.5127963362068966 0.01329022988505747 0.02990301724137931
0 0.2457794540229885 0.5106411637931034 0.007004310344827586 0.029364224137931036
0 0.288433908045977 0.49797952586206895 0.004669540229885058 0.009967672413793104
0 0.7300646551724138 0.5022898706896551 0.02550287356321839 0.02451508620689655
0 0.6845366379310345 0.49191810344827586 0.011314655172413793 0.013469827586206896
0 0.12607758620689655 0.4886853448275862 0.007902298850574713 0.011314655172413793
0 0.20680675287356323 0.4795258620689655 0.0077227011494252875 0.010237068965517241
0 0.15104166666666666 0.49016702586206895 0.021192528735632182 0.0390625
0 0.6772629310344828 0.4788523706896552 0.00646551724137931 0.01804956896551724
0 0.09976652298850575 0.49542025862068967 0.06160201149425287 0.056573275862068964
0 0.17564655172413793 0.47238685344827586 0.00610632183908046 0.012661637931034482
0 0.20689655172413793 0.46794181034482757 0.010057471264367816 0.009698275862068966
0 0.7286278735632183 0.4609375 0.010057471264367816 0.011853448275862068
0 0.2437140804597701 0.4465247844827586 0.007183908045977011 0.008351293103448275
0 0.7334770114942529 0.4449084051724138 0.016882183908045977 0.023976293103448277
0 0.7412895114942529 0.43776939655172414 0.005208333333333333 0.011853448275862068
0 0.002783764367816092 0.40948275862068967 0.005567528735632184 0.014547413793103448
0 0.7470366379310345 0.40382543103448276 0.007004310344827586 0.010775862068965518
0 0.6828304597701149 0.43157327586206895 0.032327586206896554 0.07596982758620689
0 0.6727729885057471 0.3984375 0.011494252873563218 0.0334051724137931
0 0.6961206896551724 0.3828125 0.009698275862068966 0.007543103448275862
0 0.664691091954023 0.37648168103448276 0.007543103448275862 0.012122844827586207
0 0.7010596264367817 0.3739224137931034 0.008800287356321839 0.007543103448275862
0 0.759698275862069 0.37136314655172414 0.00646551724137931 0.0078125
0 0.6769935344827587 0.37419181034482757 0.00951867816091954 0.017780172413793104
0 0.01993534482758621 0.36705280172413796 0.01329022988505747 0.013739224137931034
0 0.7532327586206896 0.36516702586206895 0.006824712643678161 0.013200431034482759
0 0.0045797413793103444 0.35910560344827586 0.009159482758620689 0.010237068965517241
0 0.7603268678160919 0.3566810344827586 0.004489942528735632 0.012392241379310345
0 0.7477550287356322 0.3515625 0.005926724137931034 0.008620689655172414
0 0.7841235632183908 0.36799568965517243 0.03017241379310345 0.06196120689655173
0 0.11135057471264367 0.32341056034482757 0.015086206896551725 0.01804956896551724
0 0.09572557471264367 0.30549568965517243 0.007183908045977011 0.008620689655172414
0 0.12320402298850575 0.30105064655172414 0.007543103448275862 0.014278017241379311
0 0.015176005747126436 0.3089978448275862 0.030352011494252873 0.03879310344827586
0 0.12015086206896551 0.26360452586206895 0.006824712643678161 0.011584051724137932
0 0.07076149425287356 0.35466056034482757 0.08908045977011494 0.20770474137931033
0 0.2834949712643678 0.06505926724137931 0.008800287356321839 0.01050646551724138
0 0.4460308908045977 0.48302801724137934 0.7153376436781609 0.9660560344827587
