0 0.9635416666666666 0.9171875 0.07291666666666667 0.146875
0 0.5697916666666667 0.8796875 0.15208333333333332 0.240625
0 0.765625 0.84375 0.18125 0.18125
0 0.953125 0.690625 0.09375 0.1625
0 0.9572916666666667 0.5671875 0.08541666666666667 0.084375
0 0.8385416666666666 0.61875 0.18125 0.21875
0 0.7020833333333333 0.45 0.10416666666666667 0.1
0 0.023958333333333335 0.403125 0.04791666666666667 0.15
0 0.3854166666666667 0.590625 0.7708333333333334 0.6625
0 0.8427083333333333 0.1453125 0.09375 0.259375
