0 0.9934435575826682 0.7102306327616795 0.012352717597871531 0.013010053222945003
0 0.9829912580767769 0.7040212891780012 0.011592550361079437 0.02247191011235955
0 0.871531736982136 0.5817563571850976 0.01178259217027746 0.01094027202838557
0 0.8584188521474725 0.5762862211709048 0.006081337894336754 0.009461856889414548
0 0.8690611934625617 0.5691898285038439 0.009122006841505131 0.013601419278533412
0 0.9716837704294945 0.5674157303370787 0.01330292664386165 0.011827321111768185
0 0.8898707715697454 0.565050266114725 0.005511212466742683 0.011235955056179775
0 0.8723869251235272 0.5569189828503844 0.012732801216267579 0.009166173861620342
0 0.8590839984796655 0.55204021289178 0.010832383124287344 0.018923713778829097
0 0.9617065754465982 0.5507096392667061 0.015773470163435957 0.02631578947368421
0 0.8758076776890916 0.540508574807806 0.022614975294564806 0.027202838557066823
0 0.8582288103382745 0.5331164991129509 0.012162675788673508 0.018332347723240685
0 0.9640820980615735 0.5238024837374334 0.015203344735841885 0.014488468361916026
0 0.8777080957810718 0.5257244234180958 0.018434055492208286 0.019515079834417505
0 0.9586659064994298 0.5177409816676523 0.00589129608513873 0.011235955056179775
0 0.9803306727480046 0.5183323477232407 0.0169137210186241 0.019515079834417505
0 0.8645952109464082 0.5107924305144884 0.007411630558722919 0.009166173861620342
0 0.8817939946788294 0.511531638083974 0.009502090459901177 0.011235955056179775
0 0.9027936145952109 0.5118273211117682 0.010452299505891296 0.01655824955647546
0 0.9128658304827062 0.5065050266114725 0.00589129608513873 0.01478415138971023
0 0.8658304827061953 0.49866942637492606 0.010262257696693273 0.009757539917208752
0 0.9186621056632459 0.4979302188054406 0.01330292664386165 0.01537551744529864
0 0.8435005701254276 0.5017740981667652 0.025275560623337134 0.026020106445890007
0 0.9850817179779552 0.49630396215257244 0.01653363740022805 0.016262566528681254
0 0.9118206005321171 0.4866942637492608 0.0068415051311288486 0.010053222945002957
0 0.87115165336374 0.48344175044352455 0.02242493348536678 0.018332347723240685
0 0.983846446218168 0.4759018332347723 0.00798175598631699 0.009166173861620342
0 0.9089699733941468 0.47575399172087524 0.006081337894336754 0.010644589000591367
0 0.0435195743063474 0.47782377291543465 0.012542759407069556 0.021289178001182733
0 0.9561953629798555 0.4670313424009462 0.0070315469403268716 0.01034890597279716
0 0.9146712276700875 0.4623004139562389 0.005701254275940707 0.01094027202838557
0 0.053591790193842644 0.45342992312241276 0.012162675788673508 0.013305736250739207
0 0.9397567464842266 0.4668835008870491 0.024325351577347016 0.041986989946777055
0 0.9576206765488408 0.4497338852749852 0.0068415051311288486 0.010644589000591367
0 0.03040668947168377 0.4488468361916026 0.010262257696693273 0.009461856889414548
0 0.8433105283162295 0.44751626256652866 0.006651463321930825 0.009757539917208752
0 0.9482136069935386 0.45106445890005914 0.012352717597871531 0.0192193968066233
0 0.8322881033827442 0.45490833826138377 0.021094640820980615 0.02749852158486103
0 0.9679779551501331 0.4532820816085157 0.013112884834663626 0.026020106445890007
0 0.9254085898897757 0.44662921348314605 0.006651463321930825 0.013897102306327618
0 0.8677309007981756 0.46629213483146065 0.0653743823641201 0.05972797161442933
0 0.9579057392626378 0.4377587226493199 0.010072215887495248 0.009166173861620342
0 0.0652793614595211 0.4414547604967475 0.010452299505891296 0.023063276167947958
0 0.004370961611554542 0.43494973388527497 0.00798175598631699 0.010644589000591367
0 0.9768148992778412 0.4356889414547605 0.00798175598631699 0.013897102306327618
0 0.05026605853287723 0.4350975753991721 0.010452299505891296 0.013305736250739207
0 0.9422272900038008 0.43214074512123 0.006461421512732801 0.01094027202838557
0 0.855188141391106 0.43790656416321705 0.017863930064614217 0.02365464222353637
0 0.8443557582668187 0.4296274393849793 0.0049410870391486126 0.010053222945002957
0 0.02765108323831243 0.4309580130100532 0.0070315469403268716 0.015671200473092846
0 0.8802736602052451 0.42519219396806623 0.009882174078297225 0.00827912477823773
0 0.8903458760927404 0.4268184506209344 0.013683010262257697 0.01862803075103489
0 0.07763207905739263 0.4238616203429923 0.010452299505891296 0.0127143701951508
0 0.9103952869631319 0.4214961561206387 0.0070315469403268716 0.01212300413956239
0 0.9179019384264538 0.42075694855115314 0.007221588749524895 0.011235955056179775
0 0.01491828202204485 0.4253400354819633 0.009692132269099202 0.02690715552927262
0 0.9241733181299886 0.41794795978710825 0.007221588749524895 0.014488468361916026
0 0.8514823261117446 0.41410408042578356 0.009692132269099202 0.011531638083973979
0 0.9007031546940327 0.42755765819041985 0.018434055492208286 0.04257835600236547
0 0.061668567084758645 0.41262566528681255 0.008931965032307108 0.01862803075103489
0 0.9956290383884454 0.4077468953282082 0.008741923223109084 0.01596688350088705
0 0.8797985556822501 0.4086339444115908 0.032877232991258075 0.03075103489059728
0 0.8600342075256556 0.39355410999408635 0.006271379703534778 0.00768775872264932
0 0.8508171797795515 0.393110585452395 0.006461421512732801 0.009757539917208752
0 0.8433105283162295 0.39296274393849795 0.006271379703534778 0.014192785334121822
0 0.9042189281641961 0.3925192193968066 0.01444317749904979 0.015079834417504436
0 0.9964842265298366 0.38971023063276167 0.0070315469403268716 0.011235955056179775
0 0.8282972253895857 0.3848314606741573 0.00589129608513873 0.014488468361916026
0 0.8623147092360319 0.378622117090479 0.01387305207145572 0.01862803075103489
0 0.03420752565564424 0.36324659964518036 0.004180919802356519 0.011531638083973979
0 0.07677689091600153 0.36975162625665287 0.01178259217027746 0.02631578947368421
0 0.992398327632079 0.36176818450620934 0.011022424933485367 0.011531638083973979
0 0.09654123907259597 0.3678296865759905 0.01178259217027746 0.02365464222353637
0 0.9668377042949449 0.3582199881726789 0.011592550361079437 0.011531638083973979
0 0.09977194982896237 0.3534890597279716 0.014823261117445839 0.013897102306327618
0 0.9818510072215888 0.34831460674157305 0.013112884834663626 0.02069781194559432
0 0.054066894716837705 0.34151389710230634 0.005131128848346636 0.018332347723240685
0 0.9866970733561383 0.33707865168539325 0.007221588749524895 0.014192785334121822
0 0.10661345496009123 0.33471318746303963 0.007601672367920942 0.017740981667652277
0 0.10015203344735842 0.33072146658781787 0.007221588749524895 0.021584861028976936
0 0.9949638920562524 0.32303370786516855 0.010072215887495248 0.01212300413956239
0 0.11231470923603193 0.32185097575399174 0.007221588749524895 0.01212300413956239
0 0.11716077537058153 0.31150206978119455 0.010452299505891296 0.01034890597279716
0 0.8978525275560624 0.3091366055588409 0.008931965032307108 0.007392075694855115
0 0.1024325351577347 0.3088409225310467 0.008361839604713038 0.009166173861620342
0 0.10461801596351197 0.2979006505026611 0.0070315469403268716 0.011531638083973979
0 0.9831812998859749 0.31061502069781194 0.033637400228050174 0.04169130691898285
0 0.927499049790954 0.27779420461265525 0.007411630558722919 0.013305736250739207
0 0.9745343975674648 0.27483737433471317 0.007601672367920942 0.007983441750443524
0 0.15421892816419613 0.26714961561206385 0.005511212466742683 0.011531638083973979
0 0.12922843025465602 0.26626256652868124 0.004561003420752566 0.013897102306327618
0 0.15136830102622578 0.25487876995860437 0.00589129608513873 0.012418687167356593
0 0.9863169897377423 0.2562093435836783 0.009122006841505131 0.022176227084565348
0 0.09445077917141771 0.251478415138971 0.011022424933485367 0.014488468361916026
0 0.14053591790193842 0.2550266114725015 0.011972633979475485 0.028089887640449437
0 0.15839984796655265 0.23639858072146658 0.016153553781832003 0.02749852158486103
0 0.13606993538578488 0.22811945594322885 0.0068415051311288486 0.011531638083973979
0 0.1459521094640821 0.2313719692489651 0.010262257696693273 0.025133057362507392
0 0.9155264158114785 0.18997634535777647 0.009312048650703154 0.01212300413956239
0 0.9599011782592171 0.16898285038438793 0.009122006841505131 0.009166173861620342
0 0.12922843025465602 0.17120047309284447 0.007601672367920942 0.018923713778829097
0 0.1653363740022805 0.1612950916617386 0.006461421512732801 0.016853932584269662
0 0.20828582288103384 0.15582495564754584 0.013683010262257697 0.02069781194559432
0 0.17445838084378562 0.14902424600827913 0.012922843025465602 0.017740981667652277
0 0.14386164956290384 0.1355706682436428 0.009122006841505131 0.01034890597279716
0 0.9074496389205625 0.1335008870490834 0.011022424933485367 0.009757539917208752
0 0.9585708855948308 0.1404494382022472 0.008741923223109084 0.04376108811354228
0 0.17768909160015203 0.11945594322885866 0.0068415051311288486 0.01537551744529864
0 0.9104903078677309 0.10378474275576582 0.011022424933485367 0.01714961561206387
0 0.09939186621056632 0.07939089296274394 0.006461421512732801 0.013897102306327618
0 0.12115165336374002 0.06948551153163808 0.008171797795515013 0.00827912477823773
0 0.9449828962371721 0.24719101123595505 0.09369061193462562 0.38557066824364283
0 0.9058342835423793 0.06342400946185689 0.025275560623337134 0.02749852158486103
0 0.8902508551881414 0.0510053222945003 0.00855188141391106 0.01212300413956239
0 0.9190421892816419 0.044352454169130695 0.009882174078297225 0.03429923122412774
0 0.9141011022424933 0.015819041986989947 0.016723679209426075 0.022767593140153756
0 0.8828392246294184 0.013749260792430515 0.04808057772709996 0.02749852158486103
0 0.5 0.5 1.0 1.0
