0 0.5453571428571429 0.9714467005076142 0.025 0.05710659898477157
0 0.2735714285714286 0.9631979695431472 0.05142857142857143 0.07360406091370558
0 0.435 0.9308375634517766 0.02857142857142857 0.044416243654822336
0 0.4135714285714286 0.8934010152284264 0.06 0.07868020304568528
0 0.5942857142857143 0.8673857868020305 0.027142857142857142 0.03426395939086294
0 0.6767857142857143 0.8153553299492385 0.03214285714285714 0.07487309644670051
0 0.9060714285714285 0.7189086294416244 0.055 0.05710659898477157
0 0.7621428571428571 0.741751269035533 0.24857142857142858 0.1713197969543147
0 0.5764285714285714 0.6732233502538071 0.03571428571428571 0.044416243654822336
0 0.5121428571428571 0.8229695431472082 0.24428571428571427 0.35406091370558374
0 0.6339285714285714 0.6770304568527918 0.06785714285714285 0.06472081218274112
0 0.7032142857142857 0.666243654822335 0.06785714285714285 0.048223350253807105
0 0.5946428571428571 0.5888324873096447 0.035 0.04568527918781726
0 0.48857142857142855 0.5843908629441624 0.055714285714285716 0.046954314720812185
0 0.43535714285714283 0.5894670050761421 0.047857142857142855 0.06979695431472081
0 0.7432142857142857 0.5425126903553299 0.1407142857142857 0.12563451776649745
0 0.9153571428571429 0.4270304568527919 0.025 0.04187817258883249
0 0.8335714285714285 0.4397208121827411 0.03142857142857143 0.07487309644670051
0 0.8725 0.49048223350253806 0.08928571428571429 0.29314720812182743
0 0.5989285714285715 0.3153553299492386 0.023571428571428573 0.02918781725888325
0 0.7717857142857143 0.31281725888324874 0.04642857142857143 0.02918781725888325
0 0.6514285714285715 0.21256345177664976 0.027142857142857142 0.024111675126903553
0 0.6878571428571428 0.21256345177664976 0.041428571428571426 0.03680203045685279
0 0.4832142857142857 0.5 0.9664285714285714 1.0
