0 0.720458984375 0.9899355877616747 0.02294921875 0.020128824476650563
0 0.345703125 0.9883252818035426 0.0224609375 0.023349436392914653
0 0.14453125 0.9806763285024155 0.0732421875 0.037037037037037035
0 0.535400390625 0.9742351046698873 0.04833984375 0.02576489533011272
0 0.454833984375 0.9718196457326892 0.03466796875 0.028985507246376812
0 0.948486328125 0.9690016103059581 0.10302734375 0.061996779388083734
0 0.5830078125 0.9484702093397746 0.0556640625 0.037037037037037035
0 0.33740234375 0.9335748792270532 0.021484375 0.020128824476650563
0 0.489501953125 0.9392109500805152 0.03173828125 0.03462157809983897
0 0.515380859375 0.9323671497584541 0.02001953125 0.030595813204508857
0 0.754150390625 0.9327697262479872 0.03466796875 0.033011272141706925
0 0.678466796875 0.9428341384863124 0.06298828125 0.05314009661835749
0 0.900634765625 0.9400161030595813 0.08251953125 0.050724637681159424
0 0.715576171875 0.9202898550724637 0.04443359375 0.03864734299516908
0 0.58740234375 0.9138486312399355 0.0263671875 0.033816425120772944
0 0.31298828125 0.9009661835748792 0.033203125 0.01610305958132045
0 0.771484375 0.9053945249597424 0.0400390625 0.02818035426731079
0 0.831787109375 0.894524959742351 0.03466796875 0.0322061191626409
0 0.532470703125 0.895330112721417 0.08349609375 0.033816425120772944
0 0.66748046875 0.9102254428341385 0.12890625 0.07809983896940419
0 0.8447265625 0.8760064412238325 0.0205078125 0.027375201288244767
0 0.4091796875 0.9086151368760065 0.16796875 0.09742351046698873
0 0.721435546875 0.8615136876006442 0.02783203125 0.014492753623188406
0 0.375732421875 0.8663446054750402 0.02587890625 0.024154589371980676
0 0.343017578125 0.855475040257649 0.03564453125 0.020128824476650563
0 0.64501953125 0.8635265700483091 0.017578125 0.03784219001610306
0 0.887939453125 0.8727858293075684 0.06005859375 0.06602254428341385
0 0.795654296875 0.8462157809983897 0.06201171875 0.02576489533011272
0 0.72705078125 0.8413848631239935 0.03125 0.01610305958132045
0 0.342529296875 0.8172302737520128 0.04052734375 0.0322061191626409
0 0.685546875 0.8184380032206119 0.0224609375 0.05233494363929147
0 0.391845703125 0.7866344605475041 0.02294921875 0.028985507246376812
0 0.34130859375 0.7793880837359098 0.0244140625 0.027375201288244767
0 0.1796875 0.7415458937198067 0.0185546875 0.01610305958132045
0 0.253173828125 0.7326892109500805 0.02587890625 0.017713365539452495
0 0.147216796875 0.7298711755233495 0.02099609375 0.018518518518518517
0 0.68212890625 0.7137681159420289 0.0048828125 0.06682769726247988
0 0.4404296875 0.5684380032206119 0.0185546875 0.033816425120772944
0 0.718505859375 0.6034621578099839 0.09814453125 0.13768115942028986
0 0.55712890625 0.5543478260869565 0.20703125 0.27616747181964574
0 0.36181640625 0.427938808373591 0.029296875 0.03140096618357488
0 0.217529296875 0.4943639291465378 0.38134765625 0.26247987117552335
0 0.40234375 0.3603059581320451 0.0263671875 0.06360708534621579
0 0.48779296875 0.29025764895330114 0.04296875 0.04911433172302738
0 0.921875 0.3824476650563607 0.15625 0.6731078904991948
0 0.6337890625 0.2028985507246377 0.228515625 0.4057971014492754
