0 0.5489528795811518 0.99 0.034031413612565446 0.02
0 0.8130890052356021 0.9825 0.027225130890052355 0.035
0 0.981675392670157 0.9765 0.03664921465968586 0.047
0 0.787434554973822 0.967 0.024083769633507852 0.03
0 0.7528795811518325 0.9625 0.04397905759162304 0.075
0 0.6075916230366493 0.9235 0.02774869109947644 0.043
0 0.4895287958115183 0.9175 0.02931937172774869 0.045
0 0.6078534031413613 0.885 0.028272251308900525 0.026
0 0.5400523560209424 0.862 0.0193717277486911 0.042
0 0.5976439790575916 0.8235 0.050785340314136125 0.075
0 0.5031413612565445 0.7565 0.040837696335078534 0.029
0 0.6005235602094241 0.762 0.031413612565445025 0.058
0 0.5638743455497383 0.756 0.028272251308900525 0.062
0 0.5395287958115184 0.7295 0.043455497382198956 0.043
0 0.5049738219895288 0.705 0.016230366492146597 0.034
0 0.5858638743455498 0.7115 0.0356020942408377 0.055
0 0.4463350785340314 0.701 0.04764397905759162 0.064
0 0.5306282722513089 0.685 0.03717277486910995 0.048
0 0.5591623036649215 0.662 0.028272251308900525 0.052
0 0.47172774869109946 0.6395 0.11099476439790576 0.099
0 0.5445026178010471 0.607 0.019895287958115182 0.036
0 0.7102094240837696 0.597 0.02774869109947644 0.028
0 0.5945026178010471 0.592 0.060209424083769635 0.036
0 0.5549738219895288 0.56 0.049214659685863874 0.03
0 0.4945026178010471 0.553 0.020418848167539267 0.024
0 0.7471204188481675 0.539 0.027225130890052355 0.02
0 0.6492146596858639 0.537 0.04712041884816754 0.036
0 0.020942408376963352 0.4355 0.028272251308900525 0.033
0 0.7099476439790576 0.4305 0.01780104712041885 0.033
0 0.7324607329842932 0.476 0.17801047120418848 0.128
0 0.3544502617801047 0.45 0.027225130890052355 0.084
0 0.7287958115183246 0.38 0.04397905759162304 0.03
0 0.7285340314136126 0.6705 0.5429319371727749 0.659
0 0.42905759162303664 0.353 0.034031413612565446 0.032
0 0.5518324607329843 0.341 0.02617801047120419 0.032
0 0.7981675392670157 0.3465 0.07486910994764398 0.063
0 0.12225130890052356 0.295 0.021465968586387434 0.036
0 0.49162303664921464 0.318 0.09214659685863874 0.102
0 0.36099476439790573 0.2835 0.043455497382198956 0.033
0 0.2599476439790576 0.268 0.024607329842931937 0.024
0 0.41492146596858637 0.274 0.06858638743455497 0.042
0 0.6298429319371728 0.27 0.05130890052356021 0.058
0 0.762303664921466 0.2245 0.030366492146596858 0.027
0 0.8342931937172775 0.241 0.33141361256544505 0.202
0 0.5 0.162 1.0 0.324
