0 0.7656610299769409 0.9874776386404294 0.02824750192159877 0.025044722719141325
0 0.7303036126056879 0.9846451997614788 0.036318216756341275 0.030709600477042336
0 0.7598962336664105 0.9615384615384616 0.007878554957724828 0.008944543828264758
0 0.7268447348193697 0.956917113893858 0.010953112990007686 0.014013118664281454
0 0.3208109146810146 0.930530709600477 0.008262874711760184 0.011926058437686345
0 0.6261529592621061 0.9300834824090638 0.008262874711760184 0.011627906976744186
0 0.6923520368946964 0.9244186046511628 0.008839354342813221 0.017590936195587357
0 0.7078209069946195 0.9193500298151461 0.01210607225211376 0.01937984496124031
0 0.6717909300538047 0.9002683363148479 0.006149116064565719 0.013416815742397137
0 0.6363374327440431 0.8969886702444841 0.009800153727901615 0.015802027429934407
0 0.680053804765565 0.889087656529517 0.009607993850883935 0.01967799642218247
0 0.6248078401229823 0.8254323196183662 0.005572636433512683 0.012224209898628503
0 0.7084934665641814 0.8555456171735242 0.006917755572636433 0.10107334525939177
0 0.4589738662567256 0.8488372093023255 0.3610684089162183 0.3023255813953488
0 0.09262106072252113 0.6768038163387 0.006917755572636433 0.015503875968992248
0 0.10405457340507301 0.6535480023852117 0.006341275941583398 0.022063208109719738
0 0.5726364335126826 0.6420691711389386 0.007302075326671791 0.007453786523553965
0 0.4990392006149116 0.6444543828264758 0.006149116064565719 0.01282051282051282
0 0.1305726364335127 0.6273106738223018 0.004035357417371253 0.016100178890876567
0 0.49855880092236743 0.6219439475253429 0.01787086856264412 0.010137149672033392
0 0.1169292851652575 0.6401311866428145 0.02209838585703305 0.057245080500894455
0 0.5731168332052268 0.6152355396541443 0.008262874711760184 0.013416815742397137
0 0.5728285933897003 0.6000298151460942 0.011529592621060722 0.013416815742397137
0 0.3228285933897002 0.5646988670244484 0.007686395080707148 0.008944543828264758
0 0.6794773251345119 0.5466607036374478 0.012682551883166795 0.017590936195587357
0 0.6611260568793236 0.5345855694692904 0.029400461183704842 0.023255813953488372
0 0.6744811683320523 0.5153548002385212 0.02959262106072252 0.03667262969588551
0 0.7503843197540354 0.4731663685152057 0.013835511145272867 0.010137149672033392
0 0.6987893927747886 0.4697376267143709 0.020176787086856263 0.02534287418008348
0 0.5851268255188317 0.4402206320810972 0.005380476556495004 0.009242695289206918
0 0.523923904688701 0.5095408467501491 0.22501921598770178 0.26058437686344665
0 0.4621445042275173 0.3811866428145498 0.014604150653343582 0.005664877757901014
