0 0.7146153846153847 0.9714285714285714 0.08153846153846153 0.05714285714285714
0 0.15615384615384614 0.95 0.19538461538461538 0.1
0 0.022307692307692306 0.9452380952380952 0.04461538461538461 0.10952380952380952
0 0.573076923076923 0.919047619047619 0.06 0.06190476190476191
0 0.42538461538461536 0.8761904761904762 0.18615384615384614 0.12857142857142856
0 0.6438461538461538 0.7857142857142857 0.05076923076923077 0.08095238095238096
0 0.7376923076923076 0.7773809523809524 0.1 0.0880952380952381
0 0.8646153846153846 0.8476190476190476 0.27076923076923076 0.2571428571428571
0 0.8923076923076924 0.7428571428571429 0.052307692307692305 0.0761904761904762
0 0.24615384615384617 0.7309523809523809 0.07384615384615385 0.05238095238095238
0 0.11923076923076924 0.7404761904761905 0.14 0.0761904761904762
0 0.5461538461538461 0.5964285714285714 0.05846153846153846 0.10238095238095238
0 0.44384615384615383 0.569047619047619 0.34615384615384615 0.5523809523809524
