0 0.7437902483900644 0.9962055881338393 0.023459061637534497 0.0075888237323214905
0 0.23873045078196872 0.9891341842014488 0.012879484820607176 0.02173163159710245
0 0.7595446182152714 0.9817178337357709 0.011729530818767249 0.012418075198344257
0 0.8874195032198712 0.9589513625388065 0.07888684452621895 0.02207657813038979
0 0.875 0.970162124870645 0.25 0.0596757502587099
0 0.8962741490340387 0.9322180062090376 0.020699172033118676 0.017592273197654364
0 0.34418123275068996 0.9039323904794757 0.008969641214351426 0.015522593997930321
0 0.62442502299908 0.8932390479475681 0.006439742410303588 0.018972059330803724
0 0.3738500459981601 0.938771990341497 0.25137994480220793 0.12245601931700587
0 0.4658463661453542 0.8911693687478441 0.011729530818767249 0.029320455329423938
0 0.5814167433302668 0.9372197309417041 0.11821527138914444 0.12556053811659193
0 0.5109245630174793 0.8704725767506036 0.015409383624655014 0.04035874439461883
0 0.5353035878564857 0.8446015867540532 0.007589696412143515 0.029320455329423938
0 0.5911913523459061 0.7576750603656434 0.008049678012879485 0.019661952397378408
0 0.23091076356945722 0.7054156605726113 0.005059797608095676 0.013107968264918937
0 0.5 0.48758192480165574 1.0 0.9751638496033115
