0 0.5387369791666666 0.9975043402777778 0.005533854166666667 0.004991319444444444
0 0.7491048177083334 0.9970703125 0.005696614583333333 0.005859375
0 0.5887044270833334 0.9958767361111112 0.0068359375 0.006510416666666667
0 0.7596842447916666 0.9957682291666666 0.013834635416666666 0.008463541666666666
0 0.8701171875 0.9943576388888888 0.009440104166666666 0.009114583333333334
0 0.3733723958333333 0.9920789930555556 0.0048828125 0.006727430555555556
0 0.5469563802083334 0.994140625 0.010904947916666666 0.01171875
0 0.5747884114583334 0.9932725694444444 0.00537109375 0.013454861111111112
0 0.658203125 0.9889322916666666 0.0068359375 0.006510416666666667
0 0.52392578125 0.9922960069444444 0.01171875 0.015407986111111112
0 0.5665690104166666 0.9866536458333334 0.005208333333333333 0.009331597222222222
0 0.5071614583333334 0.9875217013888888 0.004231770833333333 0.012369791666666666
0 0.721435546875 0.9857855902777778 0.00830078125 0.016276041666666668
0 0.6358235677083334 0.9819878472222222 0.005045572916666667 0.008680555555555556
0 0.392333984375 0.9832899305555556 0.00634765625 0.012152777777777778
0 0.5809733072916666 0.9868706597222222 0.012532552083333334 0.023220486111111112
0 0.805419921875 0.9862196180555556 0.041178385416666664 0.027560763888888888
0 0.6277669270833334 0.9769965277777778 0.009440104166666666 0.014322916666666666
0 0.836181640625 0.9704861111111112 0.00634765625 0.006510416666666667
0 0.6842447916666666 0.9725477430555556 0.014322916666666666 0.013671875
0 0.5374348958333334 0.9733072916666666 0.009765625 0.016927083333333332
0 0.3653971354166667 0.9760199652777778 0.0185546875 0.024956597222222224
0 0.715576171875 0.9637586805555556 0.005696614583333333 0.006076388888888889
0 0.3955891927083333 0.962890625 0.00732421875 0.008680555555555556
0 0.6162923177083334 0.9593098958333334 0.00439453125 0.008897569444444444
0 0.635009765625 0.9565972222222222 0.005696614583333333 0.006944444444444444
0 0.562255859375 0.9538845486111112 0.005696614583333333 0.010633680555555556
0 0.5555826822916666 0.9549696180555556 0.007649739583333333 0.013237847222222222
0 0.5410970052083334 0.9476996527777778 0.006022135416666667 0.006510416666666667
0 0.3797200520833333 0.9595269097222222 0.018880208333333332 0.037543402777777776
0 0.370849609375 0.9435763888888888 0.0037434895833333335 0.006510416666666667
0 0.6217447916666666 0.9494357638888888 0.014322916666666666 0.019097222222222224
0 0.5572102864583334 0.9396701388888888 0.007649739583333333 0.014756944444444444
0 0.20060221354166666 0.7611762152777778 0.004069010416666667 0.010199652777777778
0 0.19840494791666666 0.7317708333333334 0.005859375 0.006510416666666667
0 0.191650390625 0.7318793402777778 0.004069010416666667 0.008029513888888888
0 0.7290852864583334 0.7312282986111112 0.004069010416666667 0.009765625
0 0.740478515625 0.7431640625 0.013509114583333334 0.05056423611111111
0 0.052571614583333336 0.7180989583333334 0.007161458333333333 0.005208333333333333
0 0.7251790364583334 0.7112630208333334 0.004720052083333333 0.011067708333333334
0 0.7368977864583334 0.7076822916666666 0.008626302083333334 0.016493055555555556
0 0.08146158854166667 0.6974826388888888 0.007649739583333333 0.010416666666666666
0 0.056070963541666664 0.6969401041666666 0.04052734375 0.037543402777777776
0 0.7486979166666666 0.6782769097222222 0.0032552083333333335 0.009765625
0 0.027994791666666668 0.6751302083333334 0.007486979166666667 0.012152777777777778
0 0.023274739583333332 0.7305772569444444 0.046549479166666664 0.1330295138888889
0 0.012858072916666666 0.6631944444444444 0.0048828125 0.008246527777777778
0 0.7401529947916666 0.6662326388888888 0.006998697916666667 0.028211805555555556
0 0.7400716145833334 0.6431206597222222 0.005859375 0.010199652777777778
0 0.7206217447916666 0.6366102430555556 0.00439453125 0.008897569444444444
0 0.7352701822916666 0.6181640625 0.010904947916666666 0.019314236111111112
0 0.7364095052083334 0.6012369791666666 0.006998697916666667 0.018446180555555556
0 0.72265625 0.5879991319444444 0.0078125 0.028862847222222224
0 0.21378580729166666 0.5805121527777778 0.009602864583333334 0.013888888888888888
0 0.7467447916666666 0.5881076388888888 0.008463541666666666 0.048177083333333336
0 0.7369791666666666 0.5660807291666666 0.009114583333333334 0.013237847222222222
0 0.7225748697916666 0.5645616319444444 0.005696614583333333 0.014539930555555556
0 0.22591145833333334 0.5617404513888888 0.006184895833333333 0.016710069444444444
0 0.215576171875 0.5614149305555556 0.010579427083333334 0.022569444444444444
0 0.7364908854166666 0.5477430555555556 0.008463541666666666 0.014756944444444444
0 0.7337239583333334 0.5355902777777778 0.01171875 0.01171875
0 0.19490559895833334 0.509765625 0.005045572916666667 0.010850694444444444
0 0.20035807291666666 0.5001085069444444 0.007161458333333333 0.012803819444444444
0 0.7359212239583334 0.5011935763888888 0.00732421875 0.016276041666666668
0 0.22021484375 0.4879557291666667 0.005208333333333333 0.007161458333333333
0 0.2041015625 0.4772135416666667 0.0029296875 0.011284722222222222
0 0.22705078125 0.4807942708333333 0.006510416666666667 0.019314236111111112
0 0.2197265625 0.4778645833333333 0.010091145833333334 0.016927083333333332
0 0.9973958333333334 0.4679904513888889 0.005208333333333333 0.010633680555555556
0 0.9892578125 0.4677734375 0.006510416666666667 0.014105902777777778
0 0.19059244791666666 0.4639756944444444 0.0068359375 0.009114583333333334
0 0.7412109375 0.4601779513888889 0.007161458333333333 0.023220486111111112
0 0.9786783854166666 0.4562717013888889 0.014322916666666666 0.021918402777777776
0 0.943603515625 0.4490017361111111 0.0037434895833333335 0.009548611111111112
0 0.9892578125 0.4480251736111111 0.012044270833333334 0.019748263888888888
0 0.22330729166666666 0.4448784722222222 0.018880208333333332 0.042534722222222224
0 0.199462890625 0.4201388888888889 0.005045572916666667 0.008246527777777778
0 0.93359375 0.4168836805555556 0.005208333333333333 0.006944444444444444
0 0.900390625 0.41796875 0.004231770833333333 0.011284722222222222
0 0.9307454427083334 0.408203125 0.006998697916666667 0.008680555555555556
0 0.22102864583333334 0.4051649305555556 0.013346354166666666 0.02734375
0 0.9310709635416666 0.4010416666666667 0.01220703125 0.020833333333333332
0 0.7347005208333334 0.3892144097222222 0.0068359375 0.007595486111111111
0 0.8817545572916666 0.3879123263888889 0.024576822916666668 0.009331597222222222
0 0.219970703125 0.3913845486111111 0.013834635416666666 0.016710069444444444
0 0.22908528645833334 0.3834635416666667 0.004720052083333333 0.006944444444444444
0 0.8951822916666666 0.3818359375 0.007486979166666667 0.008029513888888888
0 0.9409993489583334 0.3837890625 0.00732421875 0.015407986111111112
0 0.7202962239583334 0.3821614583333333 0.00439453125 0.013020833333333334
0 0.9314778645833334 0.3814019097222222 0.009114583333333334 0.016710069444444444
0 0.9459635416666666 0.3740234375 0.006510416666666667 0.008029513888888888
0 0.6612955729166666 0.3819444444444444 0.018880208333333332 0.02734375
0 0.8728841145833334 0.3705512152777778 0.006184895833333333 0.005859375
0 0.7435709635416666 0.3757595486111111 0.006022135416666667 0.024956597222222224
0 0.8900553385416666 0.3705512152777778 0.018391927083333332 0.015842013888888888
0 0.21834309895833334 0.3674045138888889 0.007975260416666666 0.014756944444444444
0 0.869873046875 0.3633897569444444 0.006022135416666667 0.009331597222222222
0 0.9326985677083334 0.3651258680555556 0.008951822916666666 0.015407986111111112
0 0.21931966145833334 0.3561197916666667 0.00732421875 0.006944444444444444
0 0.8473307291666666 0.3532986111111111 0.004231770833333333 0.010416666666666666
0 0.8701171875 0.3524305555555556 0.015625 0.015190972222222222
0 0.8556315104166666 0.3439670138888889 0.0068359375 0.010416666666666666
0 0.8458658854166666 0.3363715277777778 0.006184895833333333 0.006944444444444444
0 0.744873046875 0.3382161458333333 0.005045572916666667 0.013671875
0 0.23453776041666666 0.3332248263888889 0.006510416666666667 0.012803819444444444
0 0.22859700520833334 0.3481987847222222 0.01513671875 0.052734375
0 0.8170572916666666 0.3195529513888889 0.006184895833333333 0.008463541666666666
0 0.935546875 0.3167317708333333 0.004557291666666667 0.008029513888888888
0 0.22867838541666666 0.3159722222222222 0.005208333333333333 0.009114583333333334
0 0.9361165364583334 0.3051215277777778 0.004069010416666667 0.008246527777777778
0 0.213134765625 0.3050130208333333 0.008951822916666666 0.008897569444444444
0 0.7662760416666666 0.3017578125 0.006184895833333333 0.011067708333333334
0 0.7416178385416666 0.2924262152777778 0.005045572916666667 0.008897569444444444
0 0.8070475260416666 0.2912326388888889 0.00830078125 0.010850694444444444
0 0.709228515625 0.2816840277777778 0.00439453125 0.006944444444444444
0 0.6988932291666666 0.28515625 0.011393229166666666 0.021701388888888888
0 0.8987630208333334 0.2723524305555556 0.004231770833333333 0.008680555555555556
0 0.815673828125 0.2826605902777778 0.026204427083333332 0.04275173611111111
0 0.22859700520833334 0.2582465277777778 0.007649739583333333 0.012586805555555556
0 0.825439453125 0.25390625 0.006998697916666667 0.013020833333333334
0 0.23323567708333334 0.24544270833333334 0.006510416666666667 0.008680555555555556
0 0.7831217447916666 0.2300347222222222 0.010904947916666666 0.010850694444444444
0 0.8074544270833334 0.2280815972222222 0.012044270833333334 0.013020833333333334
0 0.8356119791666666 0.2377387152777778 0.011067708333333334 0.033203125
0 0.8807779947916666 0.22960069444444445 0.01318359375 0.018663194444444444
0 0.7979329427083334 0.2175564236111111 0.006022135416666667 0.007161458333333333
0 0.24796549479166666 0.2156032986111111 0.006022135416666667 0.007161458333333333
0 0.7950032552083334 0.2248263888888889 0.017415364583333332 0.030381944444444444
0 0.7467447916666666 0.22233072916666666 0.006184895833333333 0.026692708333333332
0 0.6895345052083334 0.20703125 0.00537109375 0.009548611111111112
0 0.864013671875 0.2084418402777778 0.010579427083333334 0.013237847222222222
0 0.8169759114583334 0.23209635416666666 0.018391927083333332 0.060980902777777776
0 0.8349609375 0.2097439236111111 0.010416666666666666 0.021484375
0 0.6981608072916666 0.20399305555555555 0.0037434895833333335 0.009982638888888888
0 0.7939453125 0.20345052083333334 0.006184895833333333 0.011935763888888888
0 0.8477376302083334 0.19498697916666666 0.012858072916666666 0.009765625
0 0.7505696614583334 0.1986762152777778 0.011555989583333334 0.020616319444444444
0 0.8319498697916666 0.19205729166666666 0.00537109375 0.008246527777777778
0 0.707275390625 0.19759114583333334 0.00634765625 0.021484375
0 0.24698893229166666 0.1990017361111111 0.008951822916666666 0.026041666666666668
0 0.8026529947916666 0.20128038194444445 0.01123046875 0.031032986111111112
0 0.8213704427083334 0.193359375 0.01708984375 0.016059027777777776
0 0.7791341145833334 0.19227430555555555 0.0185546875 0.030815972222222224
0 0.685302734375 0.18229166666666666 0.00537109375 0.014756944444444444
0 0.764404296875 0.18001302083333334 0.008951822916666666 0.011501736111111112
0 0.248291015625 0.17469618055555555 0.004720052083333333 0.0078125
0 0.7853190104166666 0.17371961805555555 0.0087890625 0.011935763888888888
0 0.8065592447916666 0.17708333333333334 0.010579427083333334 0.027777777777777776
0 0.80126953125 0.1652560763888889 0.009114583333333334 0.007595486111111111
0 0.7928873697916666 0.1605902777777778 0.00439453125 0.008246527777777778
0 0.7818196614583334 0.1596137152777778 0.01611328125 0.020616319444444444
0 0.5679524739583334 0.1540798611111111 0.00634765625 0.013454861111111112
0 0.7034505208333334 0.1506076388888889 0.009114583333333334 0.007378472222222222
0 0.686767578125 0.14518229166666666 0.005045572916666667 0.014322916666666666
0 0.8218587239583334 0.14246961805555555 0.00634765625 0.014539930555555556
0 0.8092447916666666 0.1413845486111111 0.009440104166666666 0.012803819444444444
0 0.802001953125 0.1351996527777778 0.005696614583333333 0.005642361111111111
0 0.69580078125 0.15516493055555555 0.0146484375 0.045572916666666664
0 0.5486653645833334 0.13671875 0.0032552083333333335 0.010850694444444444
0 0.5352376302083334 0.13389756944444445 0.00927734375 0.0078125
0 0.7661946614583334 0.1286892361111111 0.00537109375 0.008246527777777778
0 0.4366861979166667 0.1252170138888889 0.009114583333333334 0.009548611111111112
0 0.8235677083333334 0.12706163194444445 0.017252604166666668 0.014973958333333334
0 0.780029296875 0.12489149305555555 0.009928385416666666 0.012369791666666666
0 0.6971028645833334 0.1261935763888889 0.006184895833333333 0.015407986111111112
0 0.39208984375 0.12510850694444445 0.006184895833333333 0.013237847222222222
0 0.798828125 0.1273871527777778 0.017252604166666668 0.025607638888888888
0 0.6851399739583334 0.11881510416666667 0.00537109375 0.011067708333333334
0 0.3939615885416667 0.11588541666666667 0.00732421875 0.006510416666666667
0 0.6324869791666666 0.1162109375 0.0078125 0.009331597222222222
0 0.697265625 0.11317274305555555 0.004231770833333333 0.008029513888888888
0 0.24593098958333334 0.1025390625 0.004557291666666667 0.007161458333333333
0 0.3744303385416667 0.103515625 0.004720052083333333 0.011284722222222222
0 0.3614095052083333 0.0888671875 0.004720052083333333 0.009765625
0 0.69580078125 0.09027777777777778 0.008463541666666666 0.016493055555555556
0 0.742919921875 0.08148871527777778 0.007975260416666666 0.006293402777777778
0 0.004150390625 0.07291666666666667 0.00830078125 0.008246527777777778
0 0.15885416666666666 0.0744357638888889 0.011393229166666666 0.012152777777777778
0 0.4298502604166667 0.083984375 0.015625 0.031684027777777776
0 0.6956380208333334 0.07389322916666667 0.00390625 0.013237847222222222
0 0.44482421875 0.0925564236111111 0.024739583333333332 0.056206597222222224
0 0.389892578125 0.080078125 0.039876302083333336 0.03993055555555555
0 0.4640299479166667 0.05978732638888889 0.008138020833333334 0.011935763888888888
0 0.3717447916666667 0.0625 0.012369791666666666 0.018229166666666668
0 0.3035481770833333 0.056315104166666664 0.0087890625 0.011501736111111112
0 0.015299479166666666 0.050347222222222224 0.010091145833333334 0.01171875
0 0.4058430989583333 0.04698350694444445 0.006022135416666667 0.007161458333333333
0 0.3514811197916667 0.052300347222222224 0.01123046875 0.01953125
0 0.3722330729166667 0.04383680555555555 0.005208333333333333 0.009114583333333334
0 0.3539225260416667 0.03786892361111111 0.009602864583333334 0.016710069444444444
0 0.3358561197916667 0.033745659722222224 0.006022135416666667 0.008897569444444444
0 0.10546875 0.03233506944444445 0.0035807291666666665 0.006076388888888889
0 0.390869140625 0.037543402777777776 0.014811197916666666 0.017795138888888888
0 0.6629231770833334 0.04014756944444445 0.005859375 0.0234375
0 0.102783203125 0.5138888888888888 0.20556640625 0.9722222222222222
0 0.2926432291666667 0.0322265625 0.009765625 0.014973958333333334
0 0.4811197916666667 0.029513888888888888 0.005208333333333333 0.01171875
0 0.3683268229166667 0.027777777777777776 0.005208333333333333 0.008246527777777778
0 0.4954427083333333 0.03591579861111111 0.0244140625 0.024956597222222224
0 0.31884765625 0.025499131944444444 0.009440104166666666 0.008463541666666666
0 0.9947916666666666 0.05056423611111111 0.0087890625 0.06076388888888889
0 0.5164388020833334 0.029188368055555556 0.005859375 0.018446180555555556
0 0.852294921875 0.021050347222222224 0.006022135416666667 0.012586805555555556
0 0.4959309895833333 0.018663194444444444 0.018229166666666668 0.012586805555555556
0 0.6774088541666666 0.0341796875 0.021809895833333332 0.044921875
0 0.6620279947916666 0.019639756944444444 0.00537109375 0.017144097222222224
0 0.4694010416666667 0.0185546875 0.012044270833333334 0.020616319444444444
0 0.5068359375 0.010633680555555556 0.005859375 0.006944444444444444
0 0.4767252604166667 0.012152777777777778 0.0035807291666666665 0.011284722222222222
0 0.35498046875 0.008572048611111112 0.005859375 0.007595486111111111
0 0.6890462239583334 0.007269965277777778 0.004069010416666667 0.008897569444444444
0 0.8546549479166666 0.006618923611111111 0.01171875 0.013237847222222222
0 0.6732584635416666 0.020833333333333332 0.006673177083333333 0.041666666666666664
0 0.6675618489583334 0.0087890625 0.005045572916666667 0.017578125
0 0.6624348958333334 0.004448784722222222 0.00390625 0.008897569444444444
0 0.5515950520833334 0.006293402777777778 0.01953125 0.012586805555555556
0 0.5069173177083334 0.004231770833333333 0.010579427083333334 0.008463541666666666
0 0.4935709635416667 0.007703993055555556 0.010904947916666666 0.015407986111111112
0 0.4385579427083333 0.007269965277777778 0.01513671875 0.014539930555555556
0 0.4192708333333333 0.011935763888888888 0.042317708333333336 0.023871527777777776
0 0.31982421875 0.004340277777777778 0.009114583333333334 0.008680555555555556
0 0.3062337239583333 0.005967881944444444 0.015462239583333334 0.011935763888888888
0 0.5865071614583334 0.5 0.8269856770833334 1.0
