0 0.48195876288659795 0.8402061855670103 0.04020618556701031 0.06872852233676977
0 0.3902061855670103 0.8058419243986255 0.060824742268041236 0.07560137457044673
0 0.44329896907216493 0.7895189003436426 0.041237113402061855 0.05670103092783505
0 0.06752577319587628 0.7121993127147767 0.08969072164948454 0.11168384879725086
0 0.961340206185567 0.6778350515463918 0.07731958762886598 0.11168384879725086
0 0.034536082474226806 0.5970790378006873 0.029896907216494847 0.05670103092783505
0 0.1711340206185567 0.5945017182130584 0.08453608247422681 0.07560137457044673
0 0.3711340206185567 0.647766323024055 0.26597938144329897 0.2611683848797251
0 0.20876288659793815 0.5455326460481099 0.042268041237113405 0.070446735395189
0 0.09329896907216495 0.35652920962199314 0.04639175257731959 0.06701030927835051
0 0.8520618556701031 0.4570446735395189 0.2958762886597938 0.3230240549828179
0 0.05154639175257732 0.3161512027491409 0.03917525773195876 0.054982817869415807
0 0.5690721649484536 0.34621993127147765 0.11134020618556702 0.2697594501718213
0 0.17835051546391753 0.2190721649484536 0.22061855670103092 0.3384879725085911
