0 0.29555555555555557 0.8570019723865878 0.07333333333333333 0.2859960552268245
0 0.41833333333333333 0.8244575936883629 0.11444444444444445 0.3510848126232742
0 0.06722222222222222 0.6222879684418146 0.07888888888888888 0.04142011834319527
0 0.6 0.611439842209073 0.04 0.08678500986193294
0 0.18888888888888888 0.7041420118343196 0.16 0.2879684418145957
0 0.5927777777777777 0.5157790927021696 0.0811111111111111 0.03353057199211045
0 0.22444444444444445 0.5177514792899408 0.03777777777777778 0.10059171597633136
0 0.7066666666666667 0.23767258382642997 0.03333333333333333 0.10059171597633136
0 0.6527777777777778 0.21104536489151873 0.03222222222222222 0.07889546351084813
0 0.675 0.0601577909270217 0.06333333333333334 0.10848126232741617
0 0.3794444444444444 0.3037475345167653 0.5344444444444445 0.6074950690335306
