0 0.8690476190476191 0.9737732656514383 0.03333333333333333 0.05245346869712352
0 0.7933333333333333 0.9644670050761421 0.06666666666666667 0.07106598984771574
0 0.5771428571428572 0.7419627749576988 0.02666666666666667 0.13028764805414553
0 0.7257142857142858 0.6548223350253807 0.049523809523809526 0.06091370558375635
0 0.8709523809523809 0.43147208121827413 0.025714285714285714 0.09137055837563451
0 0.8085714285714286 0.3350253807106599 0.0838095238095238 0.1895093062605753
0 0.8347619047619048 0.17089678510998307 0.11904761904761904 0.11505922165820642
0 0.699047619047619 0.11252115059221658 0.06095238095238095 0.12013536379018612
0 0.8923809523809524 0.02707275803722504 0.05333333333333334 0.05414551607445008
0 0.54 0.5 0.4533333333333333 1.0
