0 0.4803030303030303 0.8079545454545455 0.048484848484848485 0.0659090909090909
0 0.3878787878787879 0.7738636363636363 0.05757575757575758 0.075
0 0.06818181818181818 0.6943181818181818 0.09393939393939393 0.10227272727272728
0 0.453030303030303 0.6829545454545455 0.10909090909090909 0.1431818181818182
0 0.9628787878787879 0.6602272727272728 0.07424242424242425 0.10227272727272728
0 0.16818181818181818 0.5863636363636363 0.08181818181818182 0.07272727272727272
0 0.31363636363636366 0.6193181818181818 0.15757575757575756 0.20681818181818182
0 0.0946969696969697 0.37272727272727274 0.04393939393939394 0.05909090909090909
0 0.8492424242424242 0.4590909090909091 0.3015151515151515 0.2909090909090909
0 0.5803030303030303 0.35909090909090907 0.08787878787878788 0.22272727272727272
0 0.17727272727272728 0.24545454545454545 0.22121212121212122 0.2863636363636364
0 0.6113636363636363 0.031818181818181815 0.04393939393939394 0.06363636363636363
