0 0.20703125 0.8289655172413793 0.02734375 0.060689655172413794
0 0.03369140625 0.7289655172413793 0.0673828125 0.04551724137931035
0 0.04736328125 0.6896551724137931 0.0400390625 0.041379310344827586
0 0.126953125 0.7296551724137931 0.169921875 0.13517241379310344
0 0.62109375 0.6662068965517242 0.046875 0.1406896551724138
0 0.15673828125 0.5075862068965518 0.0537109375 0.08
0 0.2109375 0.4820689655172414 0.052734375 0.05931034482758621
0 0.5 0.7255172413793104 1.0 0.5489655172413793
0 0.126953125 0.40827586206896554 0.04296875 0.044137931034482755
0 0.33154296875 0.1413793103448276 0.1083984375 0.08689655172413793
0 0.76806640625 0.10275862068965518 0.0537109375 0.04551724137931035
0 0.39208984375 0.2806896551724138 0.7841796875 0.4317241379310345
0 0.7529296875 0.05448275862068966 0.16015625 0.10896551724137932
0 0.2353515625 0.03517241379310345 0.076171875 0.0703448275862069
0 0.1181640625 0.014482758620689656 0.05078125 0.028965517241379312
0 0.0458984375 0.038620689655172416 0.091796875 0.07724137931034483
