0 0.6204545454545455 0.8613636363636363 0.04090909090909091 0.06818181818181818
0 0.1787878787878788 0.8090909090909091 0.03939393939393939 0.09545454545454546
0 0.27575757575757576 0.8261363636363637 0.1696969696969697 0.16590909090909092
0 0.10303030303030303 0.8045454545454546 0.024242424242424242 0.16818181818181818
0 0.8363636363636363 0.6931818181818182 0.048484848484848485 0.07272727272727272
0 0.771969696969697 0.6988636363636364 0.08333333333333333 0.08409090909090909
0 0.43712121212121213 0.8045454545454546 0.12878787878787878 0.31363636363636366
0 0.5704545454545454 0.6806818181818182 0.10454545454545454 0.14772727272727273
0 0.7757575757575758 0.5613636363636364 0.12424242424242424 0.16363636363636364
0 0.12878787878787878 0.5397727272727273 0.04242424242424243 0.17045454545454544
0 0.22348484848484848 0.45681818181818185 0.14696969696969697 0.15454545454545454
0 0.2696969696969697 0.39886363636363636 0.08787878787878788 0.08409090909090909
0 0.1787878787878788 0.3261363636363636 0.16666666666666666 0.12954545454545455
0 0.425 0.3068181818181818 0.05303030303030303 0.12272727272727273
