0 0.64125 0.8968058968058968 0.08916666666666667 0.02457002457002457
0 0.5308333333333334 0.8703931203931204 0.03833333333333333 0.028255528255528257
0 0.36833333333333335 0.847051597051597 0.065 0.025798525798525797
0 0.785 0.8777641277641277 0.18833333333333332 0.11179361179361179
0 0.5745833333333333 0.7813267813267813 0.0825 0.07616707616707617
0 0.26625 0.7303439803439803 0.025833333333333333 0.033169533169533166
0 0.06791666666666667 0.6332923832923832 0.020833333333333332 0.05528255528255528
0 0.9604166666666667 0.4858722358722359 0.019166666666666665 0.07985257985257985
0 0.7729166666666667 0.41277641277641275 0.04083333333333333 0.04176904176904177
0 0.09708333333333333 0.45393120393120395 0.19416666666666665 0.2616707616707617
0 0.47625 0.16031941031941033 0.024166666666666666 0.052825552825552825
0 0.5904166666666667 0.45454545454545453 0.8191666666666667 0.7297297297297297
