0 0.3270161290322581 0.9656160458452722 0.05887096774193548 0.03724928366762178
0 0.6229838709677419 0.913323782234957 0.042741935483870966 0.0329512893982808
0 0.48870967741935484 0.920487106017192 0.041935483870967745 0.04727793696275072
0 0.9028225806451613 0.9097421203438395 0.031451612903225803 0.04011461318051576
0 0.7040322580645161 0.920487106017192 0.11612903225806452 0.09025787965616046
0 0.8504032258064517 0.9269340974212035 0.07822580645161291 0.12034383954154727
0 0.6326612903225807 0.836676217765043 0.03306451612903226 0.03724928366762178
0 0.5383064516129032 0.8402578796561605 0.09435483870967742 0.08166189111747851
0 0.46491935483870966 0.7435530085959885 0.07338709677419354 0.07163323782234957
0 0.37056451612903224 0.7521489971346705 0.10241935483870968 0.10315186246418338
0 0.6072580645161291 0.7285100286532952 0.18870967741935485 0.11031518624641834
0 0.014516129032258065 0.6525787965616046 0.02903225806451613 0.050143266475644696
0 0.7266129032258064 0.6418338108882522 0.04838709677419355 0.03151862464183381
0 0.2907258064516129 0.6325214899713467 0.03467741935483871 0.07306590257879657
0 0.728225806451613 0.6010028653295129 0.041935483870967745 0.0329512893982808
0 0.16169354838709676 0.6010028653295129 0.06693548387096775 0.03581661891117478
0 0.11169354838709677 0.5945558739255015 0.028225806451612902 0.04011461318051576
0 0.7798387096774193 0.7134670487106017 0.14193548387096774 0.34097421203438394
0 0.2568548387096774 0.5608882521489972 0.031451612903225803 0.1017191977077364
0 0.5205645161290322 0.5616045845272206 0.03467741935483871 0.11461318051575932
0 0.3895161290322581 0.5429799426934098 0.03870967741935484 0.07736389684813753
0 0.5826612903225806 0.5730659025787965 0.125 0.15472779369627507
0 0.4096774193548387 0.5709169054441261 0.18387096774193548 0.18481375358166188
0 0.8774193548387097 0.6267908309455588 0.06774193548387097 0.30802292263610315
0 0.04516129032258064 0.5265042979942693 0.09032258064516129 0.30515759312320917
0 0.40725806451612906 0.1669054441260745 0.01935483870967742 0.0673352435530086
0 0.482258064516129 0.16905444126074498 0.02258064516129032 0.08595988538681948
0 0.5157258064516129 0.13825214899713467 0.021774193548387097 0.07020057306590258
0 0.707258064516129 0.15830945558739254 0.06290322580645161 0.2020057306590258
0 0.7665322580645161 0.17191977077363896 0.06693548387096775 0.24068767908309455
0 0.5903225806451613 0.14398280802292263 0.10967741935483871 0.18481375358166188
0 0.2616935483870968 0.05300859598853868 0.02661290322580645 0.05730659025787966
0 0.8576612903225806 0.19412607449856734 0.07983870967741935 0.37679083094555876
0 0.7693548387096775 0.027936962750716332 0.03387096774193549 0.055873925501432664
