0 0.1198464025869038 0.9918132201334142 0.021018593371059015 0.01637355973317162
0 0.8676232821341956 0.9652819890842935 0.01131770412287793 0.01364463311097635
0 0.802445432497979 0.9570952092177077 0.01677445432497979 0.01485748938750758
0 0.6046887631366209 0.9552759248029109 0.010913500404203719 0.011825348696179502
0 0.47150363783346805 0.9530018192844147 0.0064672594987873885 0.010915706488781079
0 0.5481002425222312 0.9476955730745906 0.004850444624090542 0.013038204972710734
0 0.6024656426839127 0.9420861127956337 0.007679870654810024 0.012734990903577926
0 0.7731406628940987 0.9389023650697392 0.007073565076798707 0.012431776834445117
0 0.6283346806790623 0.9110066707095209 0.01333872271624899 0.027592480291085505
0 0.13328617623282135 0.8831109763493026 0.005860953920776071 0.00939963614311704
0 0.6725949878738885 0.8853850818677986 0.006063055780113177 0.01637355973317162
0 0.6353071948261924 0.8811400848999393 0.006669361358124495 0.009096422073984234
0 0.6627930476960388 0.8729533050333536 0.005860953920776071 0.01212856276531231
0 0.6353071948261924 0.866737416616131 0.009498787388843978 0.013038204972710734
0 0.03183104284559418 0.8640084899939358 0.007073565076798707 0.011218920557913887
0 0.6501616814874697 0.8577926015767131 0.010105092966855295 0.01758641600970285
0 0.019704931285367825 0.8502122498483929 0.0050525464834276475 0.010309278350515464
0 0.3058811641067098 0.8865979381443299 0.015966046887631365 0.10794420861127957
0 0.642178658043654 0.8356579745300182 0.008286176232821341 0.021831412977562158
0 0.41653193209377526 0.5535172832019406 0.009700889248181084 0.025166767738023045
0 0.06012530315278901 0.3638568829593693 0.0074777687954729185 0.01637355973317162
0 0.30092966855295067 0.3743177683444512 0.016572352465642683 0.039721043056397815
0 0.09973726758286176 0.33505154639175255 0.010307194826192401 0.008489993935718617
0 0.018391269199676638 0.3582474226804124 0.036782538399353276 0.06701030927835051
0 0.07063459983831852 0.31989084293511216 0.027283751010509297 0.04184354154032747
0 0.05264753435731609 0.297301394784718 0.024454324979789815 0.03244390539721043
0 0.0069725141471301535 0.2929047907822923 0.013945028294260307 0.027895694360218316
0 0.32962813257881973 0.28395997574287446 0.008488278092158448 0.01364463311097635
0 0.5 0.5 1.0 1.0
