0 0.4280415430267062 0.668041237113402 0.04599406528189911 0.07010309278350516
0 0.15875370919881307 0.5505154639175258 0.050445103857566766 0.0577319587628866
0 0.4873887240356083 0.5216494845360825 0.18545994065281898 0.13195876288659794
0 0.16543026706231453 0.47525773195876286 0.04599406528189911 0.08453608247422681
0 0.29673590504451036 0.47010309278350515 0.04451038575667656 0.09484536082474226
0 0.27299703264094954 0.2979381443298969 0.1394658753709199 0.07628865979381444
0 0.37611275964391694 0.25463917525773194 0.04896142433234421 0.10103092783505155
0 0.6839762611275965 0.4195876288659794 0.18397626112759644 0.47216494845360824
0 0.6980712166172107 0.13195876288659794 0.13204747774480713 0.09484536082474226
0 0.4814540059347181 0.07525773195876288 0.14985163204747776 0.15051546391752577
0 0.3850148367952522 0.050515463917525774 0.06379821958456973 0.10103092783505155
