0 0.5646153846153846 0.9793926247288504 0.05692307692307692 0.04121475054229935
0 0.5626923076923077 0.9295010845986985 0.04692307692307692 0.019522776572668113
0 0.5942307692307692 0.8573752711496746 0.14846153846153845 0.11822125813449023
0 0.6419230769230769 0.8031453362255966 0.036153846153846154 0.031453362255965296
0 0.6415384615384615 0.7505422993492408 0.03230769230769231 0.06941431670281996
0 0.5984615384615385 0.7478308026030369 0.02923076923076923 0.0878524945770065
0 0.4580769230769231 0.7462039045553145 0.026923076923076925 0.11062906724511931
0 0.6069230769230769 0.6713665943600867 0.015384615384615385 0.04121475054229935
0 0.39153846153846156 0.6464208242950108 0.026153846153846153 0.14099783080260303
0 0.4623076923076923 0.6117136659436009 0.023076923076923078 0.10845986984815618
0 0.5026923076923077 0.3953362255965293 0.30538461538461537 0.7906724511930586
