0 0.326875 0.9252437703141928 0.035 0.023835319609967497
0 0.849375 0.8261105092091008 0.0175 0.11375947995666305
0 0.7715625 0.795774647887324 0.040625 0.19609967497291442
0 0.8178125 0.8082340195016251 0.061875 0.2275189599133261
0 0.8290625 0.7280606717226435 0.014375 0.07583965330444203
0 0.773125 0.656554712892741 0.0675 0.07367280606717226
0 0.8009375 0.542795232936078 0.011875 0.05417118093174431
0 0.0271875 0.5525460455037919 0.054375 0.18418201516793067
0 0.8484375 0.41386782231852653 0.028125 0.047670639219934995
0 0.9140625 0.6484290357529794 0.171875 0.609967497291441
0 0.9434375 0.3466955579631636 0.026875 0.041170097508125676
0 0.8675 0.3293607800650054 0.02875 0.07583965330444203
0 0.81625 0.43174431202600216 0.08375 0.28277356446370533
0 0.913125 0.30444203683640303 0.09625 0.10617551462621885
0 0.69875 0.22156013001083424 0.02875 0.0314192849404117
0 0.665625 0.20043336944745396 0.0325 0.0390032502708559
0 0.9346875 0.16413867822318526 0.030625 0.07042253521126761
0 0.731875 0.14409534127843987 0.03 0.05200433369447454
0 0.6853125 0.11755146262188516 0.025625 0.035752979414951244
0 0.7321875 0.056879739978331526 0.019375 0.050920910075839654
0 0.8365625 0.1180931744312026 0.166875 0.20801733477789816
0 0.39375 0.47670639219934996 0.7875 0.9534127843986999
