0 0.85425 0.9632958801498127 0.0145 0.01947565543071161
0 0.34175 0.9651685393258427 0.0235 0.033707865168539325
0 0.2515 0.9700374531835206 0.037 0.04644194756554307
0 0.3195 0.9404494382022472 0.021 0.024719101123595506
0 0.365 0.9445692883895132 0.037 0.04943820224719101
0 0.539 0.9235955056179775 0.025 0.02696629213483146
0 0.4805 0.9187265917602996 0.043 0.033707865168539325
0 0.04975 0.8640449438202247 0.0155 0.04269662921348315
0 0.01675 0.8543071161048689 0.0175 0.030711610486891385
0 0.43275 0.8213483146067416 0.0235 0.033707865168539325
0 0.26125 0.8108614232209738 0.0475 0.06816479400749063
0 0.08125 0.7112359550561798 0.0215 0.03220973782771536
0 0.13525 0.7344569288389513 0.0785 0.08913857677902622
0 0.016 0.6561797752808989 0.024 0.02397003745318352
0 0.89875 0.6569288389513108 0.0205 0.03445692883895131
0 0.0475 0.6625468164794007 0.028 0.050187265917602995
0 0.76425 0.7767790262172285 0.4715 0.3940074906367041
0 0.663 0.5602996254681648 0.022 0.03895131086142322
0 0.646 0.5138576779026217 0.019 0.01947565543071161
0 0.27525 0.5089887640449439 0.0225 0.015730337078651686
0 0.95075 0.4797752808988764 0.0165 0.03520599250936329
0 0.64575 0.4797752808988764 0.0145 0.03670411985018727
0 0.98175 0.4902621722846442 0.0315 0.09213483146067415
0 0.296 0.4651685393258427 0.067 0.04943820224719101
0 0.18975 0.44756554307116103 0.0175 0.015730337078651686
0 0.34175 0.43258426966292135 0.0305 0.04119850187265917
0 0.0955 0.42359550561797754 0.017 0.033707865168539325
0 0.94675 0.40074906367041196 0.0145 0.02397003745318352
0 0.02675 0.347940074906367 0.0175 0.018726591760299626
0 0.331 0.5730337078651685 0.662 0.4853932584269663
0 0.272 0.3355805243445693 0.017 0.05692883895131086
0 0.935 0.3430711610486891 0.085 0.15880149812734082
0 0.7015 0.2760299625468165 0.019 0.05767790262172284
0 0.654 0.30337078651685395 0.055 0.13183520599250936
0 0.2665 0.26104868913857676 0.029 0.08164794007490636
0 0.9685 0.21835205992509363 0.054 0.04719101123595506
0 0.1045 0.21460674157303372 0.046 0.07865168539325842
0 0.69875 0.1842696629213483 0.0245 0.01947565543071161
0 0.68625 0.1940074906367041 0.0465 0.04794007490636704
0 0.3305 0.16104868913857678 0.034 0.0898876404494382
0 0.2575 0.11835205992509364 0.018 0.01647940074906367
