0 0.26265625 0.8458333333333333 0.0103125 0.015476190476190477
0 0.0453125 0.8267857142857142 0.01125 0.02857142857142857
0 0.02671875 0.8238095238095238 0.0128125 0.03214285714285714
0 0.43953125 0.8401785714285714 0.0309375 0.07559523809523809
0 0.26890625 0.8139880952380952 0.0090625 0.024404761904761905
0 0.36046875 0.7883928571428571 0.0128125 0.025595238095238095
0 0.0653125 0.7958333333333333 0.021875 0.05119047619047619
0 0.40046875 0.7705357142857143 0.0134375 0.030357142857142857
0 0.34125 0.8157738095238095 0.06375 0.14464285714285716
0 0.4453125 0.7458333333333333 0.01125 0.016666666666666666
0 0.4921875 0.7508928571428571 0.02 0.04702380952380952
0 0.51609375 0.7422619047619048 0.0140625 0.0380952380952381
0 0.55546875 0.7157738095238095 0.0140625 0.01488095238095238
0 0.54109375 0.7089285714285715 0.0134375 0.034523809523809526
0 0.106875 0.6991071428571428 0.079375 0.19583333333333333
0 0.0084375 0.6095238095238096 0.00875 0.02261904761904762
0 0.2659375 0.6056547619047619 0.01 0.01607142857142857
0 0.1434375 0.5851190476190476 0.00875 0.030952380952380953
0 0.12484375 0.5791666666666667 0.0121875 0.01904761904761905
0 0.2559375 0.5758928571428571 0.01 0.03273809523809524
0 0.14296875 0.5422619047619047 0.0071875 0.023809523809523808
0 0.20390625 0.5160714285714286 0.0090625 0.02142857142857143
0 0.19046875 0.5107142857142857 0.0140625 0.05
0 0.15109375 0.5098214285714285 0.0171875 0.050595238095238096
0 0.276875 0.5095238095238095 0.008125 0.05119047619047619
0 0.12625 0.4550595238095238 0.013125 0.0375
0 0.11546875 0.4348214285714286 0.0134375 0.029166666666666667
0 0.0575 0.4125 0.006875 0.016666666666666666
0 0.0675 0.4113095238095238 0.006875 0.02619047619047619
0 0.10109375 0.3925595238095238 0.0096875 0.018452380952380953
0 0.41515625 0.38571428571428573 0.0115625 0.02738095238095238
0 0.1109375 0.3886904761904762 0.01375 0.034523809523809526
0 0.06125 0.3830357142857143 0.0125 0.023214285714285715
0 0.03359375 0.37083333333333335 0.0146875 0.016666666666666666
0 0.06546875 0.5845238095238096 0.1309375 0.45476190476190476
0 0.64546875 0.4779761904761905 0.7090625 0.6166666666666667
0 0.3903125 0.16785714285714284 0.021875 0.03214285714285714
0 0.37171875 0.11398809523809524 0.0059375 0.023214285714285715
