0 0.4721937905151825 0.9604185623293904 0.013647219379051518 0.014558689717925387
0 0.4669054930058001 0.9517743403093721 0.007847151142954622 0.01910828025477707
0 0.4860116001364722 0.9560964513193813 0.01330603889457523 0.036851683348498636
0 0.5796656431252133 0.9315286624203821 0.010917775503241215 0.010464058234758872
0 0.47202320027294437 0.9313011828935396 0.007164790174002047 0.01637852593266606
0 0.19089048106448311 0.9153776160145587 0.012623677925622655 0.01364877161055505
0 0.8812691914022518 0.9128753412192903 0.028659160696008188 0.024112829845313922
0 0.9534288638689867 0.9030937215650592 0.016035482770385533 0.01637852593266606
0 0.619583759808939 0.9024112829845314 0.017741385192766974 0.01683348498635123
0 0.21374957352439442 0.9030937215650592 0.014670760832480383 0.02183803457688808
0 0.7425793244626407 0.902638762511374 0.016035482770385533 0.022747952684258416
0 0.5022176731490958 0.8992265696087353 0.012964858410098942 0.01592356687898089
0 0.8418628454452405 0.8939945404913557 0.020812009553053564 0.020018198362147407
0 0.6574547935858069 0.8896724294813467 0.010917775503241215 0.014103730664240218
0 0.754691231661549 0.8887625113739763 0.01023541453428864 0.013193812556869881
0 0.09604230638007506 0.9010464058234758 0.02354145342886387 0.04868061874431301
0 0.718014329580348 0.8864877161055505 0.018082565677243263 0.020473157415832575
0 0.20726714431934493 0.8737488626023658 0.02354145342886387 0.02502274795268426
0 0.03207096554077107 0.8953594176524113 0.05527123848515865 0.06915377616014559
0 0.7840327533265097 0.8653321201091901 0.016376663254861822 0.01910828025477707
0 0.9164107813033094 0.8598726114649682 0.01160013647219379 0.015468607825295723
0 0.1842374616171955 0.8662420382165605 0.014329580348004094 0.03184713375796178
0 0.7932446264073695 0.8521383075523203 0.009553053565336063 0.01637852593266606
0 0.20709655407710678 0.8541856232939036 0.012282497441146366 0.021383075523202913
0 0.11173660866598431 0.8553230209281165 0.018082565677243263 0.02456778889899909
0 0.7722620266120778 0.8448589626933576 0.018082565677243263 0.012738853503184714
0 0.5655066530194472 0.8441765241128298 0.016035482770385533 0.02502274795268426
0 0.09604230638007506 0.8368971792538672 0.01671784373933811 0.01683348498635123
0 0.6791197543500512 0.8398544131028207 0.04060047765267827 0.0272975432211101
0 0.19583759808938928 0.8284804367606915 0.013647219379051518 0.01091901728844404
0 0.8991811668372569 0.8510009099181074 0.06448311156601842 0.06687898089171974
0 0.16240191061071307 0.8225659690627843 0.021153190037529853 0.017288444040036398
0 0.06397134083930399 0.8241583257506825 0.03036506311838963 0.028662420382165606
0 0.24616171954964175 0.8175614194722475 0.02354145342886387 0.0272975432211101
0 0.2128966223132037 0.8105095541401274 0.012282497441146366 0.013193812556869881
0 0.6057659501876492 0.8241583257506825 0.06994199931763903 0.042311191992720654
0 0.4783350392357557 0.8098271155595996 0.016376663254861822 0.01364877161055505
0 0.8512453087683385 0.801410373066424 0.016376663254861822 0.01592356687898089
0 0.18474923234390994 0.794813466787989 0.011258955987717503 0.014558689717925387
0 0.08410098942340498 0.8005004549590536 0.014670760832480383 0.03139217470427662
0 0.5005117707267144 0.7964058234758872 0.028659160696008188 0.025932666060054597
0 0.34237461617195497 0.7989080982711556 0.065165472534971 0.05004549590536852
0 0.6431252132378028 0.783894449499545 0.023882633913340157 0.025477707006369428
0 0.3239508700102354 0.7732029117379435 0.011258955987717503 0.013193812556869881
0 0.777209143636984 0.7843494085532302 0.013647219379051518 0.04185623293903549
0 0.5897304674172638 0.7741128298453139 0.026953258273626747 0.027752502274795268
0 0.6148072330262709 0.7666060054595086 0.012964858410098942 0.014558689717925387
0 0.8633572159672467 0.7741128298453139 0.0283179802115319 0.036851683348498636
0 0.7881269191402251 0.7606915377616015 0.008188331627430911 0.02456778889899909
0 0.5185943364039577 0.7538671519563239 0.012964858410098942 0.011828935395814377
0 0.8751279426816786 0.7577343039126478 0.012964858410098942 0.020473157415832575
0 0.4872057318321392 0.7684258416742493 0.04025929716820198 0.06278434940855324
0 0.9815762538382804 0.7488626023657871 0.014329580348004094 0.02456778889899909
0 0.3394745820539065 0.7470427661510464 0.02047082906857728 0.02183803457688808
0 0.5742067553735927 0.7431756141947224 0.01160013647219379 0.0186533212010919
0 0.6047424087342204 0.7443130118289354 0.01671784373933811 0.028207461328480437
0 0.9083930399181167 0.7454504094631483 0.009211873080859774 0.033212010919017286
0 0.9501876492664619 0.7320291173794359 0.012964858410098942 0.01091901728844404
0 0.41914022517911975 0.7818471337579618 0.06448311156601842 0.11601455868971793
0 0.7483793926987377 0.7449954504094631 0.04674172637325145 0.049590536851683346
0 0.8928693278744456 0.7420382165605095 0.01842374616171955 0.04549590536851683
0 0.5209825997952917 0.7295268425841674 0.012282497441146366 0.025932666060054597
0 0.47577618560218354 0.7206551410373067 0.020812009553053564 0.00818926296633303
0 0.6450017059024223 0.7372611464968153 0.042647560559535995 0.05141037306642402
0 0.7236438075742068 0.7434030937215651 0.053906516547253494 0.07370336669699727
0 0.9607642442852269 0.7126933575978162 0.010917775503241215 0.01592356687898089
0 0.9094165813715456 0.7167879890809827 0.019447287615148412 0.024112829845313922
0 0.7625383828045036 0.7129208371246588 0.009553053565336063 0.02183803457688808
0 0.4832821562606619 0.7026842584167425 0.018082565677243263 0.01592356687898089
0 0.596042306380075 0.6942675159235668 0.010917775503241215 0.011828935395814377
0 0.5605595359945411 0.6878980891719745 0.01501194131695667 0.015468607825295723
0 0.7871033776867963 0.6979071883530482 0.03138860457181849 0.048225659690627844
0 0.6461958375980894 0.6774340309372157 0.012964858410098942 0.018198362147406732
0 0.6003070624360286 0.6753867151956324 0.01330603889457523 0.019563239308462238
0 0.08700102354145343 0.6592356687898089 0.012282497441146366 0.014558689717925387
0 0.9641760491299898 0.6198817106460418 0.008870692596383487 0.020473157415832575
0 0.9210167178437393 0.583712465878071 0.010576595018764927 0.014558689717925387
0 0.941999317639031 0.5980436760691538 0.04025929716820198 0.06050955414012739
0 0.07215967246673491 0.5673339399454049 0.016035482770385533 0.03548680618744313
0 0.9027635619242579 0.5548225659690628 0.019106107130672127 0.013193812556869881
0 0.9834527465029 0.5441310282074613 0.02490617536676902 0.026387625113739762
0 0.4322756738314568 0.47065514103730666 0.009553053565336063 0.015013648771610554
0 0.4991470487888093 0.5636942675159236 0.83179802115319 0.2356687898089172
0 0.9322756738314568 0.5018198362147407 0.1354486523370863 0.12556869881710647
0 0.23524394404640053 0.474294813466788 0.05015353121801433 0.0732484076433121
0 0.6267485499829409 0.40377616014558687 0.010917775503241215 0.014103730664240218
0 0.06687137495735244 0.4206096451319381 0.04844762879563289 0.05686988171064604
0 0.0197884680996247 0.4192447679708826 0.0395769361992494 0.05595996360327571
0 0.6006482429205049 0.29231119199272065 0.01671784373933811 0.015013648771610554
0 0.6158307744796998 0.27092811646951775 0.03480040941658137 0.034121929026387623
0 0.9689525759126578 0.31028207461328483 0.06209484817468441 0.12829845313921748
0 0.6003070624360286 0.24886260236578708 0.012623677925622655 0.018198362147406732
