0 0.38010471204188484 0.94579945799458 0.4272251308900524 0.10840108401084012
0 0.13141361256544504 0.7479674796747967 0.04712041884816754 0.08672086720867209
0 0.293717277486911 0.7127371273712737 0.08900523560209424 0.13550135501355012
0 0.587434554973822 0.6829268292682927 0.041884816753926704 0.08130081300813008
0 0.6612565445026178 0.7059620596205962 0.09528795811518324 0.18699186991869918
0 0.44345549738219897 0.6626016260162602 0.16649214659685863 0.1002710027100271
0 0.7204188481675393 0.6300813008130082 0.0356020942408377 0.06233062330623306
0 0.7832460732984293 0.6124661246612466 0.07958115183246073 0.16802168021680217
0 0.8481675392670157 0.5528455284552846 0.07539267015706806 0.06504065040650407
0 0.7712041884816754 0.4959349593495935 0.08481675392670157 0.11924119241192412
0 0.9518324607329843 0.5040650406504065 0.09633507853403141 0.14092140921409213
0 0.8633507853403142 0.46612466124661245 0.08481675392670157 0.0921409214092141
0 0.9340314136125655 0.0989159891598916 0.1319371727748691 0.1978319783197832
0 0.40523560209424087 0.21002710027100271 0.8104712041884817 0.42005420054200543
