0 0.8125 0.789375 0.016666666666666666 0.05625
0 0.0675 0.750625 0.028333333333333332 0.06375
0 0.0125 0.74125 0.023333333333333334 0.045
0 0.7041666666666667 0.67375 0.06333333333333334 0.0525
0 0.47708333333333336 0.7825 0.6975 0.3325
0 0.9033333333333333 0.426875 0.02666666666666667 0.05875
0 0.01875 0.415625 0.0375 0.03875
0 0.8091666666666667 0.37875 0.023333333333333334 0.0475
0 0.9604166666666667 0.38875 0.0675 0.09
0 0.049166666666666664 0.38875 0.09833333333333333 0.095
0 0.46458333333333335 0.29375 0.7358333333333333 0.51
