0 0.1518595041322314 0.9772393538913363 0.3037190082644628 0.04552129221732746
0 0.4034090909090909 0.972834067547724 0.06508264462809918 0.042584434654919234
0 0.5041322314049587 0.9691629955947136 0.0743801652892562 0.049926578560939794
0 0.7701446280991735 0.9405286343612335 0.4535123966942149 0.11894273127753303
0 0.9369834710743802 0.8524229074889867 0.07024793388429752 0.048458149779735685
0 0.956095041322314 0.8113069016152716 0.08161157024793389 0.05433186490455213
0 0.43336776859504134 0.7569750367107195 0.04855371900826446 0.06607929515418502
0 0.6446280991735537 0.7386196769456681 0.03925619834710744 0.05873715124816446
0 0.20764462809917356 0.6828193832599119 0.024793388429752067 0.05873715124816446
0 0.7355371900826446 0.5315712187958884 0.1859504132231405 0.44640234948604995
0 0.39617768595041325 0.3237885462555066 0.04442148760330578 0.06607929515418502
0 0.7339876033057852 0.171071953010279 0.0878099173553719 0.14537444933920704
0 0.7691115702479339 0.05286343612334802 0.1683884297520661 0.10572687224669604
0 0.3853305785123967 0.14831130690161526 0.09504132231404959 0.2966226138032305
0 0.18233471074380164 0.45374449339207046 0.3646694214876033 0.9074889867841409
