0 0.08628731343283583 0.9543539325842697 0.17257462686567165 0.09129213483146068
0 0.7192164179104478 0.9153792134831461 0.009328358208955223 0.037219101123595506
0 0.6854011194029851 0.9455758426966292 0.04617537313432836 0.10884831460674158
0 0.022388059701492536 0.848314606741573 0.016791044776119403 0.014044943820224719
0 0.04757462686567164 0.8240870786516854 0.02332089552238806 0.018960674157303372
0 0.0830223880597015 0.800561797752809 0.01585820895522388 0.032303370786516857
0 0.0324160447761194 0.7650983146067416 0.02378731343283582 0.030196629213483147
0 0.07509328358208955 0.754564606741573 0.018656716417910446 0.030196629213483147
0 0.06716417910447761 0.7134831460674157 0.016791044776119403 0.014044943820224719
0 0.043843283582089554 0.7229634831460674 0.01585820895522388 0.05828651685393258
0 0.0046641791044776115 0.6067415730337079 0.009328358208955223 0.026685393258426966
0 0.03731343283582089 0.5930477528089888 0.033582089552238806 0.07794943820224719
0 0.041044776119402986 0.5224719101123596 0.026119402985074626 0.03932584269662921
0 0.03731343283582089 0.47752808988764045 0.048507462686567165 0.03932584269662921
0 0.20265858208955223 0.4575140449438202 0.025652985074626867 0.04143258426966292
0 0.033582089552238806 0.41537921348314605 0.041044776119402986 0.09480337078651685
0 0.12569962686567165 0.3767556179775281 0.02005597014925373 0.038623595505617975
0 0.13805970149253732 0.34234550561797755 0.014925373134328358 0.037219101123595506
0 0.14878731343283583 0.31495786516853935 0.017723880597014924 0.027387640449438203
0 0.12313432835820895 0.24087078651685392 0.011194029850746268 0.037921348314606744
0 0.1828358208955224 0.19101123595505617 0.010261194029850746 0.026685393258426966
0 0.21175373134328357 0.16292134831460675 0.008395522388059701 0.03932584269662921
0 0.05223880597014925 0.13728932584269662 0.03264925373134328 0.03300561797752809
0 0.04500932835820896 0.09585674157303371 0.018190298507462687 0.038623595505617975
0 0.010027985074626865 0.07408707865168539 0.02005597014925373 0.028792134831460675
0 0.028218283582089554 0.0860252808988764 0.03591417910447761 0.07794943820224719
0 0.11637126865671642 0.07373595505617977 0.01912313432835821 0.060393258426966294
0 0.09211753731343283 0.3648174157303371 0.18423507462686567 0.6537921348314607
0 0.13362873134328357 0.033707865168539325 0.010727611940298507 0.026685393258426966
0 0.5452425373134329 0.5 0.9095149253731343 1.0
0 0.2884794776119403 0.010533707865168539 0.042444029850746266 0.021067415730337078
