0 0.3929036458333333 0.986328125 0.024088541666666668 0.0185546875
0 0.4700520833333333 0.965576171875 0.04296875 0.02587890625
0 0.5501302083333334 0.963134765625 0.028645833333333332 0.02197265625
0 0.6982421875 0.95068359375 0.029296875 0.021484375
0 0.421875 0.9677734375 0.052083333333333336 0.0634765625
0 0.3740234375 0.933837890625 0.027994791666666668 0.02001953125
0 0.8203125 0.92724609375 0.020833333333333332 0.0146484375
0 0.9840494791666666 0.9462890625 0.031901041666666664 0.060546875
0 0.22688802083333334 0.922119140625 0.029296875 0.01611328125
0 0.041015625 0.917724609375 0.029947916666666668 0.01513671875
0 0.4488932291666667 0.921142578125 0.064453125 0.03662109375
0 0.0126953125 0.921142578125 0.025390625 0.03955078125
0 0.7369791666666666 0.892333984375 0.032552083333333336 0.03759765625
0 0.3753255208333333 0.8955078125 0.083984375 0.046875
0 0.07682291666666667 0.88427734375 0.03125 0.04296875
0 0.130859375 0.864501953125 0.049479166666666664 0.02197265625
0 0.18815104166666666 0.821044921875 0.044270833333333336 0.02197265625
0 0.8020833333333334 0.807373046875 0.024739583333333332 0.01708984375
0 0.010416666666666666 0.80712890625 0.020833333333333332 0.021484375
0 0.3919270833333333 0.805419921875 0.01953125 0.02001953125
0 0.12955729166666666 0.798583984375 0.024739583333333332 0.02392578125
0 0.059244791666666664 0.82666015625 0.11848958333333333 0.0947265625
0 0.013997395833333334 0.778076171875 0.027994791666666668 0.02197265625
0 0.15169270833333334 0.776123046875 0.026041666666666668 0.02099609375
0 0.07421875 0.766357421875 0.08072916666666667 0.03955078125
0 0.9358723958333334 0.745849609375 0.030598958333333332 0.01904296875
0 0.2744140625 0.78076171875 0.220703125 0.0966796875
0 0.9921875 0.73974609375 0.015625 0.029296875
0 0.2578125 0.72216796875 0.024739583333333332 0.0146484375
0 0.4391276041666667 0.740478515625 0.22981770833333334 0.06103515625
0 0.5924479166666666 0.7197265625 0.044270833333333336 0.03125
0 0.08040364583333333 0.7158203125 0.030598958333333332 0.0234375
0 0.6354166666666666 0.701171875 0.024739583333333332 0.0234375
0 0.3160807291666667 0.7197265625 0.09440104166666667 0.0634765625
0 0.3753255208333333 0.691650390625 0.021484375 0.01904296875
0 0.5166015625 0.69580078125 0.08268229166666667 0.029296875
0 0.23046875 0.679443359375 0.020833333333333332 0.01806640625
0 0.17220052083333334 0.675048828125 0.024088541666666668 0.01220703125
0 0.05078125 0.70751953125 0.1015625 0.080078125
0 0.15104166666666666 0.677734375 0.029947916666666668 0.0224609375
0 0.5755208333333334 0.658203125 0.03515625 0.017578125
0 0.9225260416666666 0.671875 0.0390625 0.0458984375
0 0.6363932291666666 0.802001953125 0.5084635416666666 0.32763671875
0 0.677734375 0.646240234375 0.022135416666666668 0.02099609375
0 0.7037760416666666 0.6435546875 0.03125 0.01953125
0 0.630859375 0.649658203125 0.07552083333333333 0.03466796875
0 0.7486979166666666 0.62890625 0.029947916666666668 0.0244140625
0 0.7063802083333334 0.62060546875 0.028645833333333332 0.0185546875
0 0.2265625 0.620361328125 0.018229166666666668 0.01904296875
0 0.3212890625 0.60888671875 0.026692708333333332 0.017578125
0 0.3352864583333333 0.59619140625 0.033854166666666664 0.0224609375
0 0.22493489583333334 0.597900390625 0.054036458333333336 0.02587890625
0 0.4143880208333333 0.584716796875 0.030598958333333332 0.00927734375
0 0.5279947916666666 0.578857421875 0.07161458333333333 0.08544921875
