0 0.35954545454545456 0.9458804523424879 0.07363636363636364 0.033925686591276254
0 0.11318181818181818 0.9507269789983845 0.1590909090909091 0.09854604200323101
0 0.6322727272727273 0.9434571890145396 0.17727272727272728 0.11308562197092084
0 0.5968181818181818 0.8885298869143781 0.09363636363636364 0.051696284329563816
0 0.8831818181818182 0.9273021001615509 0.16272727272727272 0.14539579967689822
0 0.03954545454545454 0.8303715670436187 0.042727272727272725 0.08723747980613894
0 0.029545454545454545 0.7374798061389337 0.04090909090909091 0.08239095315024232
0 0.9840909090909091 0.6744749596122779 0.031818181818181815 0.06623586429725363
0 0.3109090909090909 0.29806138933764137 0.03272727272727273 0.07269789983844911
0 0.5131818181818182 0.46849757673667203 0.9736363636363636 0.9369951534733441
