0 0.3320433436532508 0.9680851063829787 0.04489164086687306 0.06382978723404255
0 0.7275541795665634 0.6170212765957447 0.043343653250773995 0.09456264775413711
0 0.9512383900928792 0.516548463356974 0.09752321981424149 0.03546099290780142
0 0.03018575851393189 0.516548463356974 0.06037151702786378 0.07328605200945626
0 0.5565015479876161 0.7387706855791962 0.34520123839009287 0.5224586288416075
0 0.7979876160990712 0.49763593380614657 0.1130030959752322 0.06382978723404255
0 0.034055727554179564 0.3617021276595745 0.06501547987616099 0.05673758865248227
0 0.039473684210526314 0.28368794326241137 0.07894736842105263 0.09929078014184398
0 0.07662538699690402 0.15130023640661938 0.15325077399380804 0.0851063829787234
0 0.21362229102167182 0.0508274231678487 0.03715170278637771 0.09692671394799054
0 0.8622291021671826 0.2364066193853428 0.2755417956656347 0.4728132387706856
0 0.05804953560371517 0.04609929078014184 0.11609907120743033 0.09219858156028368
