0 0.2924262152777778 0.9968023255813954 0.008029513888888888 0.006395348837209302
0 0.5393880208333334 0.9946220930232558 0.008029513888888888 0.010755813953488373
0 0.2231987847222222 0.9943313953488372 0.008029513888888888 0.011337209302325582
0 0.41796875 0.9941860465116279 0.01953125 0.011627906976744186
0 0.3441840277777778 0.9941860465116279 0.01171875 0.011627906976744186
0 0.3888888888888889 0.9938953488372093 0.006076388888888889 0.012209302325581395
0 0.3625217013888889 0.9933139534883721 0.012803819444444444 0.013372093023255814
0 0.4623480902777778 0.9899709302325581 0.012803819444444444 0.009593023255813954
0 0.9479166666666666 0.9921511627906977 0.015190972222222222 0.015697674418604653
0 0.2827690972222222 0.9918604651162791 0.023003472222222224 0.01627906976744186
0 0.4008246527777778 0.9890988372093024 0.017361111111111112 0.01366279069767442
0 0.9739583333333334 0.9909883720930233 0.03732638888888889 0.01802325581395349
0 0.3805338541666667 0.9906976744186047 0.010633680555555556 0.01802325581395349
0 0.3965928819444444 0.9825581395348837 0.007161458333333333 0.0069767441860465115
0 0.8001302083333334 0.9847383720930233 0.01171875 0.01366279069767442
0 0.2626953125 0.982703488372093 0.011067708333333334 0.009593023255813954
0 0.3207465277777778 0.9883720930232558 0.03515625 0.023255813953488372
0 0.9024522569444444 0.9770348837209303 0.006727430555555556 0.00872093023255814
0 0.8257378472222222 0.9763081395348837 0.008680555555555556 0.007267441860465116
0 0.6005859375 0.9755813953488373 0.008463541666666666 0.0069767441860465115
0 0.3042534722222222 0.977906976744186 0.013454861111111112 0.013372093023255814
0 0.2906901041666667 0.9774709302325582 0.006293402777777778 0.0125
0 0.20540364583333334 0.9851744186046512 0.027126736111111112 0.029651162790697676
0 0.7728949652777778 0.973546511627907 0.014539930555555556 0.009302325581395349
0 0.169921875 0.9790697674418605 0.010850694444444444 0.023255813953488372
0 0.5387369791666666 0.9710755813953489 0.008897569444444444 0.008430232558139536
0 0.6736111111111112 0.9722383720930232 0.007378472222222222 0.011337209302325582
0 0.3288845486111111 0.9688953488372093 0.013237847222222222 0.00813953488372093
0 0.6832682291666666 0.9751453488372093 0.017144097222222224 0.022965116279069768
0 0.8728298611111112 0.9664244186046511 0.008246527777777778 0.009593023255813954
0 0.5500217013888888 0.9675872093023256 0.004991319444444444 0.01366279069767442
0 0.3033854166666667 0.9652616279069768 0.01171875 0.009011627906976745
0 0.3745659722222222 0.9643895348837209 0.015625 0.0125
0 0.8577473958333334 0.9627906976744186 0.012369791666666666 0.012790697674418604
0 0.5164930555555556 0.9731104651162791 0.03602430555555555 0.034011627906976746
0 0.4122178819444444 0.9645348837209302 0.016276041666666668 0.01686046511627907
0 0.5832248263888888 0.9616279069767442 0.011067708333333334 0.013372093023255814
0 0.4724392361111111 0.959593023255814 0.012586805555555556 0.009302325581395349
0 0.1965060763888889 0.9774709302325582 0.043619791666666664 0.04505813953488372
0 0.3638237847222222 0.9584302325581395 0.005425347222222222 0.009883720930232558
0 0.22591145833333334 0.9697674418604652 0.016493055555555556 0.03488372093023256
0 0.4049479166666667 0.9537790697674419 0.009114583333333334 0.0069767441860465115
0 0.4498697916666667 0.9539244186046512 0.011284722222222222 0.009011627906976745
0 0.4348958333333333 0.9523255813953488 0.011284722222222222 0.00872093023255814
0 0.1865234375 0.9536337209302326 0.008897569444444444 0.011337209302325582
0 0.19715711805555555 0.9511627906976744 0.008897569444444444 0.009302325581395349
0 0.2501085069444444 0.9723837209302325 0.044921875 0.055232558139534885
0 0.5813802083333334 0.9462209302325582 0.010416666666666666 0.010465116279069767
0 0.5422092013888888 0.9468023255813953 0.010199652777777778 0.011627906976744186
0 0.3120659722222222 0.9460755813953489 0.010850694444444444 0.010174418604651164
0 0.341796875 0.9584302325581395 0.020399305555555556 0.0377906976744186
0 0.4186197916666667 0.9488372093023256 0.018229166666666668 0.020348837209302327
0 0.3291015625 0.9495639534883721 0.016276041666666668 0.02180232558139535
0 0.3654513888888889 0.9417151162790698 0.009548611111111112 0.007848837209302326
0 0.388671875 0.9454941860465116 0.022135416666666668 0.016569767441860464
0 0.9235026041666666 0.9593023255813954 0.03624131944444445 0.04534883720930233
0 0.7568359375 0.9383720930232559 0.008897569444444444 0.00872093023255814
0 0.2775607638888889 0.9468023255813953 0.040364583333333336 0.02732558139534884
0 0.1808810763888889 0.9393895348837209 0.008897569444444444 0.017732558139534883
0 0.9964192708333334 0.9350290697674418 0.007161458333333333 0.010755813953488373
0 0.6771918402777778 0.9331395348837209 0.017578125 0.007558139534883721
0 0.8030598958333334 0.9359011627906977 0.007161458333333333 0.01366279069767442
0 0.5746527777777778 0.9315406976744186 0.006510416666666667 0.01308139534883721
0 0.4146050347222222 0.9295058139534884 0.008897569444444444 0.0125
0 0.2339409722222222 0.9367732558139535 0.03515625 0.030523255813953487
0 0.4931640625 0.9264534883720931 0.012803819444444444 0.010465116279069767
0 0.4249131944444444 0.9252906976744186 0.010416666666666666 0.011627906976744186
0 0.3069661458333333 0.9261627906976744 0.013671875 0.014534883720930232
0 0.8123914930555556 0.925 0.009331597222222222 0.01686046511627907
0 0.4908854166666667 0.9193313953488372 0.006510416666666667 0.009593023255813954
0 0.7365451388888888 0.9203488372093023 0.009114583333333334 0.013372093023255814
0 0.058919270833333336 0.9193313953488372 0.010633680555555556 0.0125
0 0.2706163194444444 0.9148255813953489 0.011284722222222222 0.005232558139534884
0 0.5434027777777778 0.9255813953488372 0.04296875 0.029651162790697676
0 0.08192274305555555 0.9553779069767442 0.1638454861111111 0.08924418604651163
0 0.07215711805555555 0.9138081395348837 0.018012152777777776 0.006104651162790698
0 0.3748914930555556 0.9145348837209303 0.020182291666666668 0.009883720930232558
0 0.2377387152777778 0.9129360465116279 0.009765625 0.009011627906976745
0 0.2143012152777778 0.9181686046511628 0.016710069444444444 0.019476744186046512
0 0.4143880208333333 0.9114825581395349 0.015842013888888888 0.009011627906976745
0 0.9683159722222222 0.9348837209302325 0.05164930555555555 0.05988372093023256
0 0.5030381944444444 0.9084302325581395 0.009114583333333334 0.009302325581395349
0 0.11783854166666667 0.9085755813953489 0.009548611111111112 0.016569767441860464
0 0.9404296875 0.9149709302325582 0.016710069444444444 0.03226744186046512
0 0.2390407986111111 0.9027616279069768 0.017578125 0.009011627906976745
0 0.12684461805555555 0.901453488372093 0.007595486111111111 0.009302325581395349
0 0.4957682291666667 0.8997093023255814 0.006727430555555556 0.0069767441860465115
0 0.3230251736111111 0.9085755813953489 0.029730902777777776 0.02819767441860465
0 0.3492838541666667 0.9013081395348838 0.005425347222222222 0.017732558139534883
0 0.7815755208333334 0.8969476744186047 0.008897569444444444 0.014825581395348838
0 0.7634548611111112 0.9079941860465116 0.035590277777777776 0.039825581395348836
0 0.5303819444444444 0.8909883720930233 0.008246527777777778 0.010465116279069767
0 0.1374782986111111 0.8886627906976744 0.009331597222222222 0.011627906976744186
0 0.7866753472222222 0.8898255813953488 0.004340277777777778 0.015116279069767442
0 0.5418836805555556 0.8859011627906976 0.006076388888888889 0.010755813953488373
0 0.6749131944444444 0.8875 0.013454861111111112 0.015697674418604653
0 0.8630642361111112 0.8885174418604651 0.005208333333333333 0.02063953488372093
0 0.2853732638888889 0.8819767441860465 0.010850694444444444 0.009883720930232558
0 0.14778645833333334 0.8808139534883721 0.012586805555555556 0.009883720930232558
0 0.1877170138888889 0.890843023255814 0.010416666666666666 0.031104651162790698
0 0.2345920138888889 0.876453488372093 0.012152777777777778 0.011627906976744186
0 0.341796875 0.8725290697674418 0.010416666666666666 0.006686046511627907
0 0.2734375 0.875 0.01171875 0.015116279069767442
0 0.1189236111111111 0.8722383720930232 0.013454861111111112 0.017732558139534883
0 0.4368489583333333 0.8665697674418604 0.006944444444444444 0.00813953488372093
0 0.004231770833333333 0.8799418604651162 0.008463541666666666 0.04011627906976744
0 0.3605685763888889 0.8659883720930233 0.008897569444444444 0.014534883720930232
0 0.2756076388888889 0.8622093023255814 0.0078125 0.0069767441860465115
0 0.3237847222222222 0.8709302325581395 0.020399305555555556 0.02558139534883721
0 0.20421006944444445 0.8851744186046512 0.0234375 0.05813953488372093
0 0.3463541666666667 0.8613372093023256 0.01953125 0.012209302325581395
0 0.2925347222222222 0.8600290697674419 0.009982638888888888 0.010174418604651164
0 0.4985894097222222 0.8662790697674418 0.027994791666666668 0.02558139534883721
0 0.11577690972222222 0.859593023255814 0.014105902777777778 0.013953488372093023
0 0.009765625 0.8552325581395349 0.008680555555555556 0.007558139534883721
0 0.0026041666666666665 0.8531976744186046 0.005208333333333333 0.011627906976744186
0 0.2744140625 0.8482558139534884 0.009765625 0.007558139534883721
0 0.388671875 0.870203488372093 0.07118055555555555 0.05726744186046512
0 0.4623480902777778 0.8443313953488372 0.012803819444444444 0.009011627906976745
0 0.4434678819444444 0.8505813953488373 0.012803819444444444 0.022093023255813953
0 0.2421875 0.8571220930232558 0.05295138888888889 0.041569767441860465
0 0.11957465277777778 0.8433139534883721 0.0078125 0.013953488372093023
0 0.2907986111111111 0.8398255813953488 0.007378472222222222 0.00813953488372093
0 0.2995876736111111 0.8414244186046511 0.008897569444444444 0.011918604651162791
0 0.0035807291666666665 0.8386627906976745 0.007161458333333333 0.009302325581395349
0 0.2588975694444444 0.8379360465116279 0.012152777777777778 0.010755813953488373
0 0.12630208333333334 0.8406976744186047 0.015190972222222222 0.020930232558139535
0 0.1865234375 0.8348837209302326 0.008029513888888888 0.015697674418604653
0 0.2608506944444444 0.8316860465116279 0.008246527777777778 0.010465116279069767
0 0.7548828125 0.829360465116279 0.010633680555555556 0.009883720930232558
0 0.2861328125 0.829796511627907 0.005425347222222222 0.010755813953488373
0 0.9535590277777778 0.8303779069767442 0.015190972222222222 0.014244186046511629
0 0.9447699652777778 0.8302325581395349 0.012369791666666666 0.013953488372093023
0 0.2431640625 0.8334302325581395 0.023654513888888888 0.023837209302325583
0 0.1228298611111111 0.8245639534883721 0.009114583333333334 0.007267441860465116
0 0.1980251736111111 0.8267441860465117 0.014105902777777778 0.014534883720930232
0 0.15234375 0.834593023255814 0.047309027777777776 0.04127906976744186
0 0.09624565972222222 0.8380813953488372 0.034505208333333336 0.051744186046511625
0 0.4099392361111111 0.8383720930232558 0.055121527777777776 0.05290697674418605
0 0.8518880208333334 0.8167151162790698 0.007161458333333333 0.011918604651162791
0 0.2748480902777778 0.8273255813953488 0.021484375 0.03313953488372093
0 0.2592230902777778 0.8143895348837209 0.011067708333333334 0.01308139534883721
0 0.2651909722222222 0.8098837209302325 0.008246527777777778 0.009302325581395349
0 0.1664496527777778 0.8196220930232558 0.038628472222222224 0.03866279069767442
0 0.4918619791666667 0.8091569767441861 0.015842013888888888 0.02122093023255814
0 0.7751736111111112 0.8015988372093024 0.013888888888888888 0.009593023255813954
0 0.2013888888888889 0.8042151162790697 0.008246527777777778 0.015988372093023256
0 0.4538845486111111 0.8135174418604652 0.03407118055555555 0.03575581395348837
0 0.2699652777777778 0.7976744186046512 0.009982638888888888 0.006395348837209302
0 0.4112413194444444 0.8001453488372093 0.026041666666666668 0.015988372093023256
0 0.0847439236111111 0.7988372093023256 0.013671875 0.013372093023255814
0 0.07411024305555555 0.7962209302325581 0.006293402777777778 0.00813953488372093
0 0.9940321180555556 0.7927325581395349 0.007595486111111111 0.009883720930232558
0 0.2370876736111111 0.7921511627906976 0.013671875 0.009883720930232558
0 0.8428819444444444 0.7934593023255814 0.009114583333333334 0.016569767441860464
0 0.7234157986111112 0.7893895348837209 0.010199652777777778 0.010174418604651164
0 0.7904730902777778 0.7893895348837209 0.019314236111111112 0.01308139534883721
0 0.3603515625 0.7921511627906976 0.014105902777777778 0.021511627906976746
0 0.74609375 0.7864825581395349 0.009114583333333334 0.011918604651162791
0 0.7733289930555556 0.7832848837209302 0.011501736111111112 0.007848837209302326
0 0.3243272569444444 0.8260174418604651 0.11263020833333333 0.10087209302325581
0 0.8738064236111112 0.7838662790697675 0.010633680555555556 0.018313953488372094
0 0.4683159722222222 0.7813953488372093 0.008680555555555556 0.015697674418604653
0 0.5581597222222222 0.7770348837209302 0.010850694444444444 0.011627906976744186
0 0.400390625 0.7806686046511628 0.016927083333333332 0.0188953488372093
0 0.3873697916666667 0.7747093023255814 0.009114583333333334 0.00813953488372093
0 0.5670572916666666 0.7741279069767442 0.0078125 0.00872093023255814
0 0.5927734375 0.7818313953488372 0.021050347222222224 0.030523255813953487
0 0.2465277777777778 0.7713662790697674 0.013020833333333334 0.010174418604651164
0 0.8806423611111112 0.770639534883721 0.005642361111111111 0.011627906976744186
0 0.9099392361111112 0.7691860465116279 0.010416666666666666 0.013372093023255814
0 0.9629991319444444 0.7686046511627908 0.009765625 0.013372093023255814
0 0.3626302083333333 0.7656976744186047 0.011284722222222222 0.009883720930232558
0 0.20203993055555555 0.7684593023255814 0.015190972222222222 0.015406976744186047
0 0.2236328125 0.7704941860465117 0.029296875 0.02994186046511628
0 0.8953993055555556 0.7607558139534883 0.01171875 0.013953488372093023
0 0.9276258680555556 0.7550872093023255 0.008897569444444444 0.0125
0 0.3761935763888889 0.7600290697674419 0.024522569444444444 0.02703488372093023
0 0.3831380208333333 0.7481104651162791 0.010633680555555556 0.018313953488372094
0 0.775390625 0.7396802325581395 0.012152777777777778 0.008430232558139536
0 0.2791883680555556 0.7406976744186047 0.006727430555555556 0.011046511627906977
0 0.5538194444444444 0.751453488372093 0.03342013888888889 0.03313953488372093
0 0.2684461805555556 0.7395348837209302 0.013020833333333334 0.011046511627906977
0 0.8977864583333334 0.7366279069767442 0.014322916666666666 0.018604651162790697
0 0.2867838541666667 0.7322674418604651 0.015842013888888888 0.014534883720930232
0 0.3926866319444444 0.7265988372093023 0.007161458333333333 0.009011627906976745
0 0.5483940972222222 0.7248546511627907 0.0078125 0.006686046511627907
0 0.783203125 0.7228197674418605 0.008680555555555556 0.007848837209302326
0 0.5554470486111112 0.7218023255813953 0.006293402777777778 0.010465116279069767
0 0.6532118055555556 0.71875 0.009982638888888888 0.006686046511627907
0 0.2709418402777778 0.7207848837209302 0.024522569444444444 0.010755813953488373
0 0.2153862847222222 0.7204941860465116 0.008897569444444444 0.010755813953488373
0 0.4856770833333333 0.71875 0.006510416666666667 0.010755813953488373
0 0.9067925347222222 0.7152616279069768 0.008029513888888888 0.010755813953488373
0 0.5248480902777778 0.7143895348837209 0.007595486111111111 0.010174418604651164
0 0.333984375 0.7142441860465116 0.004774305555555556 0.012209302325581395
0 0.5088975694444444 0.7530523255813953 0.0720486111111111 0.10203488372093024
0 0.3114149305555556 0.7040697674418605 0.009548611111111112 0.00813953488372093
0 0.6285807291666666 0.7123546511627907 0.018880208333333332 0.02877906976744186
0 0.13975694444444445 0.701889534883721 0.01171875 0.010755813953488373
0 0.5842013888888888 0.7004360465116279 0.0078125 0.011918604651162791
0 0.3181423611111111 0.7210755813953489 0.061197916666666664 0.05552325581395349
0 0.9373914930555556 0.6950581395348837 0.004991319444444444 0.011046511627906977
0 0.8717447916666666 0.6941860465116279 0.010416666666666666 0.01686046511627907
0 0.2543402777777778 0.6869186046511628 0.01171875 0.01627906976744186
0 0.21321614583333334 0.6828488372093023 0.011935763888888888 0.009302325581395349
0 0.6136067708333334 0.7098837209302326 0.006293402777777778 0.07093023255813953
0 0.3483072916666667 0.679796511627907 0.008246527777777778 0.011337209302325582
0 0.9951171875 0.6758720930232558 0.009765625 0.015697674418604653
0 0.2470703125 0.6728197674418605 0.029296875 0.010174418604651164
0 0.7838541666666666 0.6672965116279069 0.006944444444444444 0.009593023255813954
0 0.08995225694444445 0.6651162790697674 0.007595486111111111 0.006395348837209302
0 0.07942708333333333 0.66875 0.009982638888888888 0.016569767441860464
0 0.8791232638888888 0.6665697674418605 0.016059027777777776 0.013953488372093023
0 0.018880208333333332 0.6680232558139535 0.013454861111111112 0.01744186046511628
0 0.5499131944444444 0.703343023255814 0.05251736111111111 0.08924418604651163
0 0.3812934027777778 0.6662790697674419 0.01171875 0.015116279069767442
0 0.3934461805555556 0.6627906976744186 0.013888888888888888 0.011046511627906977
0 0.044270833333333336 0.6606104651162791 0.006510416666666667 0.0125
0 0.3478732638888889 0.6555232558139535 0.011284722222222222 0.011627906976744186
0 0.892578125 0.6545058139534884 0.011284722222222222 0.010755813953488373
0 0.3379991319444444 0.6550872093023256 0.007161458333333333 0.011918604651162791
0 0.6726345486111112 0.6550872093023256 0.007595486111111111 0.01308139534883721
0 0.6140407986111112 0.653343023255814 0.003689236111111111 0.01308139534883721
0 0.9398871527777778 0.6511627906976745 0.004774305555555556 0.012209302325581395
0 0.3634982638888889 0.6488372093023256 0.006944444444444444 0.011046511627906977
0 0.3311631944444444 0.6481104651162791 0.006510416666666667 0.01308139534883721
0 0.8039279513888888 0.6531976744186047 0.017144097222222224 0.027906976744186046
0 0.8975694444444444 0.6401162790697674 0.008246527777777778 0.009883720930232558
0 0.3700086805555556 0.6380813953488372 0.010416666666666666 0.0069767441860465115
0 0.9924045138888888 0.6420058139534883 0.012152777777777778 0.015406976744186047
0 0.2451171875 0.6593023255813953 0.05186631944444445 0.05058139534883721
0 0.3843315972222222 0.6338662790697674 0.006944444444444444 0.006686046511627907
0 0.9979383680555556 0.6329941860465116 0.004123263888888889 0.011918604651162791
0 0.3349609375 0.6338662790697674 0.010633680555555556 0.014825581395348838
0 0.9242621527777778 0.6866279069767441 0.016927083333333332 0.12441860465116279
0 0.21690538194444445 0.6251453488372093 0.018446180555555556 0.017732558139534883
0 0.3192274305555556 0.6251453488372093 0.023871527777777776 0.024127906976744187
0 0.3379991319444444 0.6228197674418605 0.011067708333333334 0.02005813953488372
0 0.9296875 0.6180232558139535 0.008680555555555556 0.012209302325581395
0 0.22916666666666666 0.614389534883721 0.005642361111111111 0.008430232558139536
0 0.11273871527777778 0.6424418604651163 0.03493923611111111 0.07383720930232558
0 0.9753689236111112 0.6109011627906977 0.006293402777777778 0.014244186046511629
0 0.9282769097222222 0.6087209302325581 0.008897569444444444 0.009883720930232558
0 0.3542751736111111 0.6194767441860465 0.022352430555555556 0.031395348837209305
0 0.1958550347222222 0.6123546511627908 0.024956597222222224 0.017151162790697675
0 0.3828125 0.6101744186046512 0.03342013888888889 0.019767441860465116
0 0.9629991319444444 0.6074127906976744 0.008029513888888888 0.015406976744186047
0 0.9152560763888888 0.6082848837209303 0.015842013888888888 0.02063953488372093
0 0.10536024305555555 0.5973837209302325 0.014105902777777778 0.010465116279069767
0 0.16536458333333334 0.701889534883721 0.23958333333333334 0.22122093023255815
0 0.92578125 0.5972383720930232 0.004774305555555556 0.0125
0 0.2794053819444444 0.6218023255813954 0.035807291666666664 0.06395348837209303
0 0.9905598958333334 0.5988372093023255 0.018880208333333332 0.022674418604651164
0 0.1342230902777778 0.6138081395348837 0.019748263888888888 0.05319767441860465
0 0.8345269097222222 0.6667151162790698 0.13346354166666666 0.16598837209302325
0 0.2870008680555556 0.5870639534883721 0.012803819444444444 0.009593023255813954
0 0.9497612847222222 0.5896802325581395 0.012803819444444444 0.017151162790697675
0 0.9384765625 0.5898255813953488 0.010199652777777778 0.022093023255813953
0 0.9249131944444444 0.5841569767441861 0.00390625 0.010755813953488373
0 0.08365885416666667 0.584593023255814 0.014973958333333334 0.011627906976744186
0 0.9631076388888888 0.5890988372093023 0.008246527777777778 0.022965116279069768
0 0.9784071180555556 0.5821220930232558 0.020182291666666668 0.0188953488372093
0 0.3900824652777778 0.5792151162790697 0.008029513888888888 0.014825581395348838
0 0.2764756944444444 0.5732558139534883 0.015625 0.00872093023255814
0 0.8621961805555556 0.5738372093023256 0.018663194444444444 0.01744186046511628
0 0.3683810763888889 0.5697674418604651 0.005425347222222222 0.015116279069767442
0 0.06640625 0.5774709302325581 0.040364583333333336 0.03343023255813953
0 0.2790798611111111 0.5629360465116279 0.008246527777777778 0.009011627906976745
0 0.9153645833333334 0.5620639534883721 0.009982638888888888 0.0188953488372093
0 0.047417534722222224 0.5568313953488372 0.008463541666666666 0.015988372093023256
0 0.2811414930555556 0.5488372093023256 0.013237847222222222 0.013953488372093023
0 0.06846788194444445 0.5473837209302326 0.008029513888888888 0.012790697674418604
0 0.9395616319444444 0.5443313953488372 0.009331597222222222 0.010174418604651164
0 0.4051649305555556 0.5424418604651163 0.0078125 0.007558139534883721
0 0.9484592013888888 0.5392441860465116 0.006727430555555556 0.009302325581395349
0 0.059027777777777776 0.5363372093023255 0.007378472222222222 0.00872093023255814
0 0.07411024305555555 0.5343023255813953 0.025390625 0.019767441860465116
0 0.9866536458333334 0.5280523255813954 0.007595486111111111 0.008430232558139536
0 0.2336154513888889 0.5353197674418605 0.024088541666666668 0.025872093023255813
0 0.2659505208333333 0.5260174418604651 0.008029513888888888 0.010174418604651164
0 0.9458550347222222 0.5231104651162791 0.018446180555555556 0.0125
0 0.9641927083333334 0.5244186046511627 0.025607638888888888 0.022674418604651164
0 0.2533637152777778 0.5219476744186047 0.012803819444444444 0.017732558139534883
0 0.7634548611111112 0.5178779069767442 0.004774305555555556 0.011918604651162791
0 0.9131944444444444 0.5149709302325581 0.006510416666666667 0.007267441860465116
0 0.7157118055555556 0.5081395348837209 0.006944444444444444 0.00872093023255814
0 0.06629774305555555 0.5113372093023256 0.028862847222222224 0.01802325581395349
0 0.7861328125 0.515406976744186 0.021484375 0.03197674418604651
0 0.9149305555555556 0.4956395348837209 0.0078125 0.00813953488372093
0 0.2667100694444444 0.4966569767441861 0.009548611111111112 0.017151162790697675
0 0.22005208333333334 0.4880813953488372 0.023003472222222224 0.01627906976744186
0 0.7368706597222222 0.49142441860465114 0.013237847222222222 0.024709302325581394
0 0.107421875 0.4813953488372093 0.0078125 0.007558139534883721
0 0.19856770833333334 0.4811046511627907 0.008680555555555556 0.007558139534883721
0 0.052300347222222224 0.49142441860465114 0.04079861111111111 0.030523255813953487
0 0.4618055555555556 0.48517441860465116 0.015190972222222222 0.021511627906976746
0 0.2099609375 0.4796511627906977 0.013671875 0.012790697674418604
0 0.7157118055555556 0.48328488372093026 0.020833333333333332 0.02122093023255814
0 0.2490234375 0.4763081395348837 0.007161458333333333 0.007848837209302326
0 0.8953993055555556 0.4744186046511628 0.009114583333333334 0.011046511627906977
0 0.7583550347222222 0.48531976744186045 0.03624131944444445 0.036337209302325583
0 0.1193576388888889 0.4636627906976744 0.009548611111111112 0.006395348837209302
0 0.95703125 0.47281976744186044 0.0859375 0.032848837209302324
0 0.8842230902777778 0.4545058139534884 0.013671875 0.011337209302325582
0 0.040581597222222224 0.45058139534883723 0.013020833333333334 0.009302325581395349
0 0.2111545138888889 0.4510174418604651 0.011284722222222222 0.011918604651162791
0 0.9839409722222222 0.45406976744186045 0.011284722222222222 0.018604651162790697
0 0.2547743055555556 0.45828488372093024 0.023871527777777776 0.02877906976744186
0 0.5601128472222222 0.44883720930232557 0.004340277777777778 0.011046511627906977
0 0.8957248263888888 0.44811046511627906 0.007161458333333333 0.010174418604651164
0 0.9699435763888888 0.44709302325581396 0.014973958333333334 0.012209302325581395
0 0.4468315972222222 0.4449127906976744 0.010416666666666666 0.008430232558139536
0 0.7535807291666666 0.4484011627906977 0.003689236111111111 0.016569767441860464
0 0.12174479166666667 0.4434593023255814 0.011284722222222222 0.007848837209302326
0 0.5719401041666666 0.4604651162790698 0.040581597222222224 0.05465116279069768
0 0.9378255208333334 0.4383720930232558 0.007161458333333333 0.011046511627906977
0 0.271484375 0.44026162790697676 0.013888888888888888 0.017151162790697675
0 0.6247829861111112 0.43633720930232556 0.009548611111111112 0.011627906976744186
0 0.6336805555555556 0.44142441860465115 0.014756944444444444 0.022383720930232557
0 0.3275824652777778 0.44200581395348837 0.005425347222222222 0.02703488372093023
0 0.06477864583333333 0.4306686046511628 0.011501736111111112 0.010174418604651164
0 0.0984157986111111 0.43037790697674416 0.021050347222222224 0.014244186046511629
0 0.059244791666666664 0.42805232558139533 0.006076388888888889 0.011337209302325582
0 0.6057942708333334 0.4257267441860465 0.011501736111111112 0.011337209302325582
0 0.9156901041666666 0.43473837209302324 0.016710069444444444 0.02994186046511628
0 0.6159939236111112 0.4248546511627907 0.009331597222222222 0.014244186046511629
0 0.9587673611111112 0.43444767441860466 0.04774305555555555 0.034011627906976746
0 0.14539930555555555 0.42616279069767443 0.029947916666666668 0.01802325581395349
0 0.18956163194444445 0.43488372093023253 0.010199652777777778 0.037209302325581395
0 0.7125651041666666 0.42020348837209304 0.004123263888888889 0.017151162790697675
0 0.9279513888888888 0.4197674418604651 0.014322916666666666 0.01802325581395349
0 0.7567274305555556 0.4126453488372093 0.008680555555555556 0.0125
0 0.05588107638888889 0.6607558139534884 0.11176215277777778 0.5186046511627908
0 0.5992838541666666 0.40261627906976744 0.010633680555555556 0.00872093023255814
0 0.7405598958333334 0.40392441860465117 0.007595486111111111 0.0125
0 0.05490451388888889 0.42151162790697677 0.037760416666666664 0.05406976744186046
0 0.9678819444444444 0.3992732558139535 0.013454861111111112 0.010755813953488373
0 0.005099826388888889 0.39491279069767443 0.010199652777777778 0.01366279069767442
0 0.9879557291666666 0.40159883720930234 0.024088541666666668 0.0375
0 0.5973307291666666 0.3941860465116279 0.052300347222222224 0.02732558139534884
0 0.3031684027777778 0.3886627906976744 0.03211805555555555 0.020930232558139535
0 0.9887152777777778 0.3816860465116279 0.009548611111111112 0.00813953488372093
0 0.3430989583333333 0.3799418604651163 0.005642361111111111 0.009883720930232558
0 0.03797743055555555 0.3813953488372093 0.010416666666666666 0.013372093023255814
0 0.580078125 0.3757267441860465 0.012152777777777778 0.006686046511627907
0 0.6106770833333334 0.3697674418604651 0.008246527777777778 0.009302325581395349
0 0.3279079861111111 0.3674418604651163 0.006944444444444444 0.011046511627906977
0 0.6053602430555556 0.36119186046511625 0.008897569444444444 0.0125
0 0.2612847222222222 0.39084302325581394 0.0646701388888889 0.07412790697674419
0 0.09461805555555555 0.34491279069767444 0.008680555555555556 0.011337209302325582
0 0.3637152777777778 0.3734011627906977 0.059027777777777776 0.07877906976744187
0 0.1304253472222222 0.33299418604651165 0.013454861111111112 0.0125
0 0.3294270833333333 0.3302325581395349 0.008246527777777778 0.011046511627906977
0 0.11176215277777778 0.32151162790697674 0.017361111111111112 0.014534883720930232
0 0.1875 0.3207848837209302 0.029513888888888888 0.022383720930232557
0 0.2230902777777778 0.33517441860465114 0.061197916666666664 0.07383720930232558
0 0.024088541666666668 0.2556686046511628 0.008246527777777778 0.008430232558139536
0 0.015950520833333332 0.2719476744186046 0.031901041666666664 0.06424418604651162
0 0.010850694444444444 0.20973837209302326 0.009982638888888888 0.014244186046511629
0 0.006401909722222222 0.18575581395348836 0.012803819444444444 0.019767441860465116
