0 0.13767361111111112 0.8932291666666666 0.005208333333333333 0.005729166666666666
0 0.05390625 0.89453125 0.005729166666666666 0.010416666666666666
0 0.07013888888888889 0.89140625 0.007291666666666667 0.0125
0 0.2982638888888889 0.8903645833333333 0.010069444444444445 0.015104166666666667
0 0.21414930555555556 0.887890625 0.008854166666666666 0.015885416666666666
0 0.27977430555555555 0.8821614583333334 0.0171875 0.03567708333333333
0 0.2520833333333333 0.8790364583333333 0.035416666666666666 0.03984375
0 0.678125 0.8391927083333334 0.006597222222222222 0.009114583333333334
0 0.5189236111111111 0.8641927083333333 0.012847222222222222 0.06484375
0 0.6971354166666667 0.8356770833333333 0.0046875 0.009375
0 0.5368923611111112 0.8322916666666667 0.006076388888888889 0.0140625
0 0.728125 0.8322916666666667 0.025 0.034375
0 0.3611111111111111 0.809765625 0.008680555555555556 0.009114583333333334
0 0.5395833333333333 0.805859375 0.013194444444444444 0.031510416666666666
0 0.5191840277777777 0.8080729166666667 0.013715277777777778 0.046875
0 0.5206597222222222 0.781640625 0.008680555555555556 0.023697916666666666
0 0.48420138888888886 0.7084635416666667 0.004861111111111111 0.01015625
0 0.4834201388888889 0.69453125 0.005381944444444444 0.008854166666666666
0 0.5706597222222223 0.6819010416666667 0.030208333333333334 0.028385416666666666
0 0.40225694444444443 0.775390625 0.17118055555555556 0.25286458333333334
0 0.6236111111111111 0.7677083333333333 0.22465277777777778 0.2671875
0 0.5994791666666667 0.6376302083333333 0.009722222222222222 0.02578125
0 0.6130208333333333 0.629296875 0.009027777777777777 0.01015625
0 0.5634548611111111 0.6260416666666667 0.013020833333333334 0.013020833333333334
0 0.58203125 0.6180989583333333 0.00920138888888889 0.007552083333333333
0 0.6690972222222222 0.6354166666666666 0.05659722222222222 0.05364583333333333
0 0.25 0.5970052083333334 0.005902777777777778 0.01015625
0 0.6121527777777778 0.5984375 0.046875 0.0484375
0 0.44366319444444446 0.590234375 0.02621527777777778 0.04244791666666667
0 0.49800347222222224 0.56796875 0.009548611111111112 0.009375
0 0.5071180555555556 0.5548177083333333 0.006597222222222222 0.012239583333333333
0 0.5144097222222223 0.538671875 0.007291666666666667 0.01015625
0 0.48246527777777776 0.5319010416666666 0.01597222222222222 0.03463541666666667
0 0.5015625 0.5305989583333334 0.025 0.032552083333333336
