0 0.4065082644628099 0.9574155653450808 0.12086776859504132 0.055800293685756244
0 0.53150826446281 0.94640234948605 0.13119834710743802 0.10719530102790015
0 0.6043388429752066 0.9111600587371512 0.03925619834710744 0.05433186490455213
0 0.512396694214876 0.869309838472834 0.03512396694214876 0.04405286343612335
0 0.00981404958677686 0.7422907488986784 0.01962809917355372 0.14831130690161526
0 0.01084710743801653 0.6402349486049926 0.02169421487603306 0.06754772393538913
0 0.013429752066115703 0.5044052863436124 0.026859504132231406 0.1512481644640235
0 0.038739669421487606 0.447870778267254 0.02169421487603306 0.25844346549192365
0 0.1234504132231405 0.3002936857562408 0.04648760330578512 0.13656387665198239
0 0.26291322314049587 0.22834067547723935 0.038223140495867766 0.06607929515418502
0 0.19421487603305784 0.2173274596182085 0.047520661157024795 0.049926578560939794
0 0.5805785123966942 0.16372980910425844 0.03512396694214876 0.05433186490455213
0 0.515495867768595 0.4552129221732746 0.96900826446281 0.9104258443465492
