0 0.17630208333333333 0.9888785912882299 0.027604166666666666 0.022242817423540315
0 0.27395833333333336 0.9837812789620018 0.017708333333333333 0.03243744207599629
0 0.29921875 0.9828544949026877 0.018229166666666668 0.03429101019462465
0 0.24661458333333333 0.9708063021316033 0.025520833333333333 0.026876737720111215
0 0.6002604166666666 0.9745134383688601 0.0359375 0.05097312326227989
0 0.26927083333333335 0.9420759962928638 0.0125 0.03243744207599629
0 0.8869791666666667 0.9101019462465245 0.028125 0.05931417979610751
0 0.8565104166666667 0.8999073215940686 0.030729166666666665 0.04077849860982391
0 0.7223958333333333 0.9063948100092678 0.051041666666666666 0.12604263206672844
0 0.82578125 0.8531047265987025 0.013020833333333334 0.028730305838739572
0 0.36614583333333334 0.8322520852641334 0.03125 0.03707136237256719
0 0.7096354166666666 0.8294717330861909 0.021354166666666667 0.042632066728452274
0 0.5578125 0.8568118628359592 0.03125 0.1102873030583874
0 0.8307291666666666 0.8169601482854495 0.030208333333333334 0.04355885078776645
0 0.8625 0.803985171455051 0.021875 0.023169601482854494
0 0.7942708333333334 0.866079703429101 0.04479166666666667 0.15291936978683968
0 0.56015625 0.7822057460611678 0.024479166666666666 0.027803521779425393
0 0.715625 0.7701575532900834 0.017708333333333333 0.03521779425393883
0 0.7869791666666667 0.7664504170528267 0.036458333333333336 0.03707136237256719
0 0.7296875 0.7196478220574606 0.029166666666666667 0.030583873957367932
0 0.7348958333333333 0.6825764596848934 0.019791666666666666 0.021316033364226137
0 0.3770833333333333 0.6543095458758109 0.021875 0.04077849860982391
0 0.5565104166666667 0.6380908248378128 0.0203125 0.030583873957367932
0 0.47604166666666664 0.6478220574606117 0.030208333333333334 0.057460611677479144
0 0.7369791666666666 0.5787766450417052 0.036458333333333336 0.03243744207599629
0 0.809375 0.6473586654309545 0.06875 0.20296570898980537
0 0.7942708333333334 0.5157553290083411 0.021875 0.04541241890639481
0 0.7447916666666666 0.5129749768303985 0.01875 0.04541241890639481
0 0.8015625 0.4772937905468026 0.036458333333333336 0.029657089898053754
0 0.7546875 0.45736793327154773 0.029166666666666667 0.030583873957367932
0 0.6895833333333333 0.4411492122335496 0.020833333333333332 0.027803521779425393
0 0.796875 0.39202965708989806 0.017708333333333333 0.03707136237256719
0 0.9203125 0.340129749768304 0.016666666666666666 0.04819277108433735
0 0.4640625 0.20852641334569044 0.026041666666666668 0.03892493049119555
0 0.4578125 0.15848007414272475 0.03958333333333333 0.042632066728452274
0 0.49192708333333335 0.11862835959221502 0.018229166666666668 0.03521779425393883
0 0.9541666666666667 0.10704355885078777 0.008333333333333333 0.06765523632993513
0 0.13333333333333333 0.0319740500463392 0.021875 0.023169601482854494
0 0.46067708333333335 0.009731232622798888 0.021354166666666667 0.019462465245597776
0 0.5502604166666667 0.4893419833178869 0.7536458333333333 0.9786839666357738
