0 0.5538625776397516 0.9959886128364389 0.011063664596273292 0.008022774327122154
0 0.09384704968944099 0.9950828157349897 0.013392857142857142 0.009834368530020704
0 0.5265916149068323 0.9939182194616977 0.01358695652173913 0.012163561076604554
0 0.06812888198757763 0.9932712215320911 0.016304347826086956 0.013457556935817806
0 0.020477484472049688 0.990036231884058 0.014945652173913044 0.013198757763975156
0 0.1998253105590062 0.9899068322981367 0.055318322981366456 0.020186335403726708
0 0.11946816770186336 0.9853778467908902 0.006017080745341615 0.012681159420289856
0 0.13606366459627328 0.9824016563146998 0.009704968944099378 0.008799171842650104
0 0.005725931677018634 0.9888716356107661 0.011451863354037268 0.022256728778467908
0 0.05687111801242236 0.9842132505175983 0.009704968944099378 0.020186335403726708
0 0.8972243788819876 0.979684265010352 0.008346273291925466 0.012681159420289856
0 0.15382375776397517 0.9857660455486542 0.023486024844720496 0.028467908902691512
0 0.5662849378881988 0.9708850931677019 0.00873447204968944 0.006987577639751553
0 0.23980978260869565 0.972567287784679 0.024262422360248448 0.021739130434782608
0 0.23961568322981366 0.9565217391304348 0.008346273291925466 0.007246376811594203
0 0.0796777950310559 0.958203933747412 0.009122670807453416 0.010610766045548654
0 0.8899456521739131 0.963379917184265 0.01746894409937888 0.02148033126293996
0 0.05483307453416149 0.9591097308488613 0.00562888198757764 0.012939958592132506
0 0.0969526397515528 0.9494047619047619 0.010287267080745342 0.006987577639751553
0 0.08064829192546584 0.9495341614906833 0.010675465838509316 0.007763975155279503
0 0.5432841614906833 0.964932712215321 0.05357142857142857 0.05357142857142857
0 0.8212344720496895 0.9437111801242236 0.017857142857142856 0.011645962732919254
0 0.2766886645962733 0.9377587991718427 0.008346273291925466 0.006987577639751553
0 0.3648097826086957 0.9550983436853002 0.06812888198757763 0.04787784679089027
0 0.12082686335403726 0.9368530020703933 0.012616459627329192 0.016045548654244308
0 0.9031444099378882 0.9320652173913043 0.006211180124223602 0.013198757763975156
0 0.29629270186335405 0.9396997929606625 0.04173136645962733 0.047619047619047616
0 0.29435170807453415 0.9196428571428571 0.011840062111801242 0.012163561076604554
0 0.8203610248447205 0.9010093167701864 0.00562888198757764 0.011128364389233954
0 0.9139169254658385 0.9039855072463768 0.018051242236024844 0.023809523809523808
0 0.796486801242236 0.910455486542443 0.05493012422360249 0.044513457556935816
0 0.15867624223602483 0.8915631469979296 0.00795807453416149 0.012422360248447204
0 0.2544642857142857 0.889751552795031 0.005822981366459627 0.016045548654244308
0 0.953222049689441 0.9250776397515528 0.09355590062111802 0.08721532091097309
0 0.2627135093167702 0.8863871635610766 0.009510869565217392 0.010869565217391304
0 0.01688664596273292 0.9316770186335404 0.03377329192546584 0.10559006211180125
0 0.9552600931677019 0.8788819875776398 0.013004658385093168 0.012422360248447204
0 0.13198757763975155 0.8817287784679089 0.01203416149068323 0.021739130434782608
0 0.6544060559006211 0.9113612836438924 0.10190217391304347 0.08359213250517598
0 0.5399844720496895 0.8771997929606625 0.013975155279503106 0.02613871635610766
0 0.06424689440993789 0.8718944099378882 0.01125776397515528 0.016045548654244308
0 0.25960791925465837 0.8603778467908902 0.009122670807453416 0.006987577639751553
0 0.1643051242236025 0.9245600414078675 0.20089285714285715 0.1431159420289855
0 0.41983695652173914 0.8879399585921325 0.23253105590062112 0.08643892339544514
0 0.05483307453416149 0.8752587991718427 0.00873447204968944 0.061076604554865424
0 0.0281444099378882 0.8619306418219461 0.040372670807453416 0.037525879917184264
0 0.813373447204969 0.8245341614906833 0.012616459627329192 0.011904761904761904
0 0.687111801242236 0.8211697722567288 0.006599378881987578 0.005693581780538302
0 0.9656444099378882 0.833203933747412 0.03299689440993789 0.03183229813664596
0 0.7919254658385093 0.816899585921325 0.007763975155279503 0.011128364389233954
0 0.6739130434782609 0.8157349896480331 0.016304347826086956 0.010869565217391304
0 0.8559782608695652 0.8144409937888198 0.014751552795031056 0.011904761904761904
0 0.874514751552795 0.8184523809523809 0.025038819875776396 0.02096273291925466
0 0.9432259316770186 0.8123706004140787 0.017663043478260868 0.013975155279503106
0 0.7730007763975155 0.8035714285714286 0.009899068322981366 0.012422360248447204
0 0.6630434782608695 0.7877846790890269 0.022903726708074536 0.008799171842650104
0 0.48214285714285715 0.7908902691511387 0.016304347826086956 0.017080745341614908
0 0.5406638198757764 0.785843685300207 0.006793478260869565 0.009575569358178054
0 0.4673913043478261 0.7886904761904762 0.021350931677018632 0.019927536231884056
0 0.3343361801242236 0.7871376811594203 0.016110248447204968 0.02872670807453416
0 0.4044060559006211 0.7791149068322981 0.010287267080745342 0.015269151138716356
0 0.41750776397515527 0.7760093167701864 0.009316770186335404 0.013198757763975156
0 0.4375 0.7884316770186336 0.02251552795031056 0.04839544513457557
0 0.7425271739130435 0.7675983436853002 0.00718167701863354 0.010869565217391304
0 0.20603649068322982 0.7657867494824017 0.005240683229813665 0.010351966873706004
0 0.8833462732919255 0.7656573498964804 0.012422360248447204 0.011645962732919254
0 0.5203804347826086 0.7666925465838509 0.012422360248447204 0.016821946169772256
0 0.46836180124223603 0.7656573498964804 0.017080745341614908 0.016304347826086956
0 0.1766304347826087 0.7621635610766045 0.010093167701863354 0.012939958592132506
0 0.2889169254658385 0.7582815734989649 0.007569875776397516 0.006211180124223602
0 0.33501552795031053 0.7454710144927537 0.01125776397515528 0.015786749482401656
0 0.3536490683229814 0.7334368530020704 0.013198757763975156 0.011904761904761904
0 0.011063664596273292 0.6754658385093167 0.008152173913043478 0.006728778467908903
0 0.9342003105590062 0.6669254658385093 0.004658385093167702 0.010869565217391304
0 0.937402950310559 0.65722049689441 0.00873447204968944 0.009575569358178054
0 0.8999417701863354 0.656055900621118 0.005240683229813665 0.008281573498964804
0 0.02688276397515528 0.6537267080745341 0.007569875776397516 0.009316770186335404
0 0.9449728260869565 0.652044513457557 0.006017080745341615 0.013716356107660456
0 0.20428959627329193 0.6460921325051759 0.004852484472049689 0.010610766045548654
0 0.718167701863354 0.6435041407867494 0.01048136645962733 0.009575569358178054
0 0.1956521739130435 0.6459627329192547 0.01203416149068323 0.014492753623188406
0 0.8846079192546584 0.6326345755693582 0.009510869565217392 0.009575569358178054
0 0.5756987577639752 0.6328933747412008 0.006987577639751553 0.011645962732919254
0 0.7060364906832298 0.6317287784679089 0.009899068322981366 0.019668737060041408
0 0.9663237577639752 0.6252587991718427 0.005240683229813665 0.009834368530020704
0 0.9028532608695652 0.620600414078675 0.010287267080745342 0.006728778467908903
0 0.796972049689441 0.6190476190476191 0.007763975155279503 0.007246376811594203
0 0.9307065217391305 0.6162008281573499 0.006599378881987578 0.009316770186335404
0 0.546389751552795 0.6130952380952381 0.008152173913043478 0.007246376811594203
0 0.8756793478260869 0.6209886128364389 0.016498447204968944 0.02924430641821946
0 0.4429347826086957 0.6165890269151139 0.01436335403726708 0.04736024844720497
0 0.719332298136646 0.593555900621118 0.006599378881987578 0.008540372670807454
0 0.9707880434782609 0.5898033126293996 0.019215838509316772 0.010351966873706004
0 0.8506405279503105 0.5984730848861284 0.026203416149068324 0.02872670807453416
0 0.7309782608695652 0.5909679089026915 0.01048136645962733 0.015786749482401656
0 0.12218555900621118 0.6284937888198758 0.06579968944099379 0.09135610766045549
0 0.7437888198757764 0.5878623188405797 0.005434782608695652 0.010610766045548654
0 0.9908773291925466 0.5873447204968945 0.014751552795031056 0.011128364389233954
0 0.8727678571428571 0.5885093167701864 0.019215838509316772 0.015010351966873706
0 0.6350931677018633 0.5856625258799172 0.03377329192546584 0.017080745341614908
0 0.49485636645962733 0.5811335403726708 0.014945652173913044 0.009057971014492754
0 0.9243012422360248 0.6017080745341615 0.06288819875776397 0.051759834368530024
0 0.6853649068322981 0.582815734989648 0.02562111801242236 0.014492753623188406
0 0.530861801242236 0.582427536231884 0.008540372670807454 0.014233954451345756
0 0.1638198757763975 0.5786749482401656 0.008928571428571428 0.007763975155279503
0 0.8651979813664596 0.5778985507246377 0.010675465838509316 0.007246376811594203
0 0.6062694099378882 0.5856625258799172 0.01688664596273292 0.022774327122153208
0 0.5740489130434783 0.5802277432712215 0.010675465838509316 0.015010351966873706
0 0.7860054347826086 0.5890269151138716 0.017663043478260868 0.034161490683229816
0 0.8211374223602484 0.5918737060041408 0.047166149068322984 0.041407867494824016
0 0.5461956521739131 0.5789337474120083 0.014751552795031056 0.016045548654244308
0 0.4798136645962733 0.5782867494824017 0.014751552795031056 0.02044513457556936
0 0.19788431677018634 0.5980848861283644 0.07201086956521739 0.06677018633540373
0 0.04182841614906832 0.5688405797101449 0.00562888198757764 0.009316770186335404
0 0.17798913043478262 0.5696169772256728 0.007763975155279503 0.013457556935817806
0 0.38645186335403725 0.5619824016563147 0.008152173913043478 0.013198757763975156
0 0.8153144409937888 0.552924430641822 0.003687888198757764 0.009575569358178054
0 0.5706521739130435 0.6865942028985508 0.8586956521739131 0.2826086956521739
0 0.766110248447205 0.5429606625258799 0.006211180124223602 0.007763975155279503
0 0.8654891304347826 0.5432194616977226 0.019409937888198756 0.013975155279503106
0 0.8141498447204969 0.5406314699792961 0.009899068322981366 0.011904761904761904
0 0.8376358695652174 0.5386904761904762 0.009510869565217392 0.017339544513457556
0 0.8496700310559007 0.5379140786749482 0.014169254658385094 0.016304347826086956
0 0.9148874223602484 0.5451604554865425 0.05493012422360249 0.03183229813664596
0 0.7604813664596274 0.5336438923395446 0.008540372670807454 0.009316770186335404
0 0.9443905279503105 0.53222049689441 0.014557453416149068 0.008540372670807454
0 0.7865877329192547 0.5395962732919255 0.016110248447204968 0.03364389233954451
0 0.9077057453416149 0.5240683229813664 0.006793478260869565 0.009316770186335404
0 0.9655473602484472 0.5423136645962733 0.047166149068322984 0.04632505175983437
0 0.5209627329192547 0.5129399585921325 0.007763975155279503 0.005693581780538302
0 0.9979619565217391 0.5119047619047619 0.004076086956521739 0.014492753623188406
0 0.9911684782608695 0.5102225672877847 0.006793478260869565 0.011645962732919254
0 0.7558229813664596 0.49870600414078675 0.01048136645962733 0.009316770186335404
0 0.875388198757764 0.5073757763975155 0.01048136645962733 0.03183229813664596
0 0.8166731366459627 0.49301242236024845 0.005240683229813665 0.011904761904761904
0 0.8760675465838509 0.4846014492753623 0.00640527950310559 0.008022774327122154
0 0.9126552795031055 0.48007246376811596 0.010093167701863354 0.015010351966873706
0 0.8160908385093167 0.4763198757763975 0.004464285714285714 0.008540372670807454
0 0.9743788819875776 0.4780020703933747 0.006987577639751553 0.014492753623188406
0 0.9586568322981367 0.4808488612836439 0.013198757763975156 0.021221532091097308
0 0.781347049689441 0.4760610766045549 0.013781055900621118 0.014233954451345756
0 0.8518051242236024 0.47023809523809523 0.005240683229813665 0.006728778467908903
0 0.6583850931677019 0.4658385093167702 0.006599378881987578 0.006211180124223602
0 0.8038625776397516 0.468944099378882 0.010287267080745342 0.019668737060041408
0 0.9919448757763976 0.47903726708074534 0.016110248447204968 0.04296066252587992
0 0.8063858695652174 0.4571687370600414 0.006017080745341615 0.008022774327122154
0 0.8148291925465838 0.4571687370600414 0.006987577639751553 0.011128364389233954
0 0.7547554347826086 0.45561594202898553 0.00873447204968944 0.008540372670807454
0 0.9387616459627329 0.4849896480331263 0.07744565217391304 0.07194616977225674
0 0.8703416149068323 0.4540631469979296 0.004658385093167702 0.012163561076604554
0 0.9402173913043478 0.4508281573498965 0.019021739130434784 0.018633540372670808
0 0.9874805900621118 0.4437111801242236 0.025038819875776396 0.03183229813664596
0 0.8067740683229814 0.4384057971014493 0.022321428571428572 0.033126293995859216
0 0.798233695652174 0.41498447204968947 0.00718167701863354 0.007505175983436853
0 0.922263198757764 0.42533643892339545 0.05997670807453416 0.030797101449275364
0 0.8105590062111802 0.42016045548654246 0.013975155279503106 0.02613871635610766
0 0.5196040372670807 0.4109730848861284 0.008540372670807454 0.008281573498964804
0 0.8007569875776398 0.4038561076604555 0.011063664596273292 0.010093167701863354
0 0.4798136645962733 0.3887163561076605 0.006211180124223602 0.006728778467908903
0 0.7999805900621118 0.3887163561076605 0.008346273291925466 0.008281573498964804
0 0.6170419254658385 0.3893633540372671 0.008540372670807454 0.011128364389233954
0 0.9359472049689441 0.3936335403726708 0.010869565217391304 0.020703933747412008
0 0.8113354037267081 0.3818581780538302 0.006987577639751553 0.010093167701863354
0 0.5251358695652174 0.3766821946169772 0.00873447204968944 0.008022774327122154
0 0.8976125776397516 0.3739648033126294 0.009899068322981366 0.012939958592132506
0 0.9189635093167702 0.38625776397515527 0.018827639751552796 0.038561076604554864
0 0.5694875776397516 0.36658902691511386 0.01436335403726708 0.014751552795031056
0 0.8964479813664596 0.35766045548654246 0.009122670807453416 0.011387163561076604
0 0.5335791925465838 0.3501552795031056 0.006987577639751553 0.009316770186335404
0 0.5425077639751553 0.34601449275362317 0.01125776397515528 0.011387163561076604
0 0.6119953416149069 0.34032091097308487 0.004270186335403727 0.013975155279503106
0 0.9396350931677019 0.33501552795031053 0.008540372670807454 0.013198757763975156
0 0.4732142857142857 0.3295807453416149 0.006987577639751553 0.007505175983436853
0 0.5657996894409938 0.32893374741200826 0.011645962732919254 0.014492753623188406
0 0.547360248447205 0.328027950310559 0.011645962732919254 0.02665631469979296
0 0.5412461180124224 0.3103002070393375 0.011063664596273292 0.009834368530020704
0 0.9760287267080745 0.27406832298136646 0.011451863354037268 0.012422360248447204
0 0.624126552795031 0.27070393374741203 0.00873447204968944 0.006728778467908903
0 0.010190217391304348 0.19862836438923395 0.013392857142857142 0.019409937888198756
0 0.05560947204968944 0.07052277432712216 0.011063664596273292 0.02510351966873706
0 0.06444099378881987 0.048654244306418216 0.013198757763975156 0.009316770186335404
0 0.003299689440993789 0.03183229813664596 0.006599378881987578 0.011387163561076604
0 0.06482919254658386 0.02665631469979296 0.008928571428571428 0.012422360248447204
0 0.019021739130434784 0.016821946169772256 0.009704968944099378 0.023809523809523808
