0 0.991875 0.9771589486858573 0.01625 0.02065081351689612
0 0.8720833333333333 0.9352315394242804 0.023333333333333334 0.01939924906132666
0 0.21854166666666666 0.8053817271589487 0.024583333333333332 0.03879849812265332
0 0.10645833333333334 0.7668961201501877 0.017916666666666668 0.01939924906132666
0 0.14479166666666668 0.4264705882352941 0.02375 0.028160200250312892
0 0.03770833333333334 0.41520650813516896 0.015416666666666667 0.02190237797246558
0 0.010833333333333334 0.38642052565707136 0.0125 0.029411764705882353
0 0.029375 0.3651439299123905 0.02125 0.02690863579474343
0 0.03 0.34449311639549435 0.018333333333333333 0.029411764705882353
0 0.08333333333333333 0.3429286608260325 0.0125 0.028785982478097622
0 0.045208333333333336 0.3423028785982478 0.02125 0.03754693366708386
0 0.085 0.23748435544430538 0.0125 0.03316645807259074
0 0.028958333333333332 0.266270337922403 0.057916666666666665 0.10075093867334167
0 0.020416666666666666 0.15175219023779724 0.015833333333333335 0.024405506883604506
0 0.5 0.46964956195244056 1.0 0.9392991239048811
