0 0.7482 0.9850029994001199 0.0292 0.028794241151769647
0 0.9922 0.9778044391121775 0.0156 0.021595680863827234
0 0.075 0.9676064787042592 0.042 0.022795440911817635
0 0.601 0.9676064787042592 0.0524 0.028794241151769647
0 0.7784 0.9703059388122376 0.0208 0.03539292141571686
0 0.6278 0.9592081583683263 0.0412 0.015596880623875225
0 0.3092 0.9541091781643671 0.012 0.02459508098380324
0 0.5154 0.9481103779244151 0.0388 0.03779244151169766
0 0.0166 0.9400119976004799 0.0332 0.021595680863827234
0 0.8974 0.9394121175764847 0.0132 0.02519496100779844
0 0.3174 0.9301139772045591 0.0228 0.026994601079784044
0 0.3348 0.9355128974205159 0.024 0.04379124175164967
0 0.206 0.9019196160767846 0.0232 0.020995800839832032
0 0.8376 0.901619676064787 0.0152 0.022795440911817635
0 0.896 0.8932213557288542 0.0152 0.022795440911817635
0 0.1802 0.8869226154769047 0.0204 0.014997000599880024
0 0.2926 0.8683263347330534 0.0276 0.041391721655668866
0 0.631 0.8509298140371926 0.0156 0.014997000599880024
0 0.8962 0.8374325134973005 0.0404 0.06598680263947211
0 0.924 0.8122375524895021 0.02 0.016796640671865627
0 0.4504 0.8638272345530894 0.1344 0.16556688662267546
0 0.6786 0.7345530893821236 0.0268 0.07138572285542892
0 0.8848 0.8386322735452909 0.2304 0.32273545290941813
0 0.9034 0.6370725854829035 0.0692 0.09118176364727054
0 0.2384 0.5884823035392921 0.0128 0.016796640671865627
0 0.335 0.5350929814037193 0.0212 0.02399520095980804
0 0.3834 0.5242951409718056 0.026 0.055188962207558485
0 0.0116 0.5050989802039592 0.0216 0.02399520095980804
0 0.374 0.498500299940012 0.016 0.013197360527894421
0 0.4494 0.5002999400119976 0.0132 0.020395920815836834
0 0.8656 0.4892021595680864 0.0312 0.028194361127774445
0 0.2592 0.4154169166166767 0.0128 0.022195560887822437
0 0.3616 0.40431913617276544 0.0144 0.020395920815836834
0 0.3184 0.39802039592081584 0.0184 0.032993401319736056
0 0.3024 0.3758248350329934 0.0136 0.020995800839832032
0 0.2226 0.3056388722255549 0.018 0.04259148170365927
0 0.2616 0.3131373725254949 0.0296 0.0647870425914817
0 0.3028 0.2855428914217157 0.0336 0.028794241151769647
0 0.7514 0.23245350929814038 0.0132 0.029394121175764846
0 0.119 0.4283143371325735 0.238 0.45350929814037194
0 0.067 0.21025794841031795 0.0212 0.03419316136772645
0 0.6386 0.4337132573485303 0.5612 0.5386922615476905
0 0.7174 0.08638272345530894 0.0908 0.16196760647870426
