0 0.1496875 0.9860119047619048 0.011875 0.027976190476190477
0 0.07171875 0.975297619047619 0.0115625 0.029166666666666667
0 0.6959375 0.9735119047619047 0.01125 0.030357142857142857
0 0.675625 0.9741071428571428 0.023125 0.05178571428571429
0 0.78796875 0.9568452380952381 0.0384375 0.050595238095238096
0 0.2159375 0.9595238095238096 0.01875 0.06190476190476191
0 0.70921875 0.9398809523809524 0.0153125 0.047619047619047616
0 0.185 0.9363095238095238 0.014375 0.04285714285714286
0 0.24671875 0.9494047619047619 0.0153125 0.07738095238095238
0 0.08484375 0.9252976190476191 0.0171875 0.030357142857142857
0 0.4371875 0.9053571428571429 0.01 0.023809523809523808
0 0.743125 0.8973214285714286 0.01875 0.030357142857142857
0 0.63296875 0.9011904761904762 0.0184375 0.039285714285714285
0 0.425 0.9017857142857143 0.02375 0.04642857142857143
0 0.00546875 0.8901785714285714 0.0109375 0.025595238095238095
0 0.7346875 0.8782738095238095 0.02 0.019642857142857142
0 0.76 0.8785714285714286 0.014375 0.02619047619047619
0 0.71953125 0.8773809523809524 0.0096875 0.02619047619047619
0 0.44734375 0.8863095238095238 0.0209375 0.04642857142857143
0 0.459375 0.8696428571428572 0.009375 0.023809523809523808
0 0.6690625 0.8494047619047619 0.013125 0.017857142857142856
0 0.77015625 0.8389880952380953 0.0159375 0.029166666666666667
0 0.57203125 0.8386904761904762 0.0128125 0.02857142857142857
0 0.76171875 0.8092261904761905 0.0103125 0.023214285714285715
0 0.7628125 0.7895833333333333 0.01 0.030357142857142857
0 0.91265625 0.7303571428571428 0.0128125 0.01904761904761905
0 0.5 0.47619047619047616 1.0 0.9523809523809523
