0 0.77 0.9504761904761905 0.086 0.06095238095238095
0 0.103 0.7619047619047619 0.206 0.47619047619047616
0 0.0925 0.47714285714285715 0.073 0.2038095238095238
0 0.821 0.44666666666666666 0.298 0.20761904761904762
0 0.375 0.38571428571428573 0.024 0.12380952380952381
0 0.542 0.2838095238095238 0.046 0.06857142857142857
0 0.604 0.17238095238095238 0.028 0.06666666666666667
0 0.8845 0.1895238095238095 0.231 0.379047619047619
0 0.3775 0.14666666666666667 0.043 0.29333333333333333
0 0.461 0.5 0.416 1.0
0 0.137 0.11142857142857143 0.108 0.22285714285714286
0 0.0115 0.05714285714285714 0.023 0.11428571428571428
