0 0.3828125 0.97216796875 0.046875 0.0322265625
0 0.055989583333333336 0.677734375 0.10416666666666667 0.025390625
0 0.072265625 0.65087890625 0.06901041666666667 0.0185546875
0 0.055989583333333336 0.5634765625 0.11197916666666667 0.087890625
0 0.025390625 0.48095703125 0.05078125 0.0712890625
0 0.158203125 0.396484375 0.07161458333333333 0.029296875
0 0.3111979166666667 0.25927734375 0.046875 0.0791015625
0 0.3821614583333333 0.0517578125 0.040364583333333336 0.03125
0 0.3333333333333333 0.12353515625 0.0703125 0.1904296875
0 0.5 0.50439453125 1.0 0.9912109375
0 0.505859375 0.0263671875 0.12369791666666667 0.052734375
