0 0.09635416666666667 0.9971713362068966 0.010955459770114943 0.005657327586206897
0 0.062051005747126436 0.9967672413793104 0.005926724137931034 0.00646551724137931
0 0.35443606321839083 0.9958243534482759 0.008441091954022989 0.008351293103448275
0 0.18893678160919541 0.9952855603448276 0.01293103448275862 0.009428879310344827
0 0.9422593390804598 0.9946120689655172 0.009159482758620689 0.010775862068965518
0 0.9520474137931034 0.9919181034482759 0.007183908045977011 0.005926724137931034
0 0.6294001436781609 0.994073275862069 0.007004310344827586 0.011853448275862068
0 0.43211206896551724 0.9929956896551724 0.01257183908045977 0.014008620689655173
0 0.8529992816091954 0.9917834051724138 0.013829022988505748 0.016433189655172414
0 0.16639727011494254 0.9911099137931034 0.015625 0.017780172413793104
0 0.26544540229885055 0.9909752155172413 0.023347701149425287 0.01804956896551724
0 0.912805316091954 0.986395474137931 0.007004310344827586 0.01050646551724138
0 0.8392600574712644 0.9855872844827587 0.014727011494252873 0.008890086206896552
0 0.6379310344827587 0.9853178879310345 0.006824712643678161 0.012122844827586207
0 0.13155531609195403 0.9889547413793104 0.03681752873563218 0.02209051724137931
0 0.15660919540229884 0.9812769396551724 0.007902298850574713 0.007273706896551724
0 0.20985991379310345 0.9885506465517241 0.03466235632183908 0.022898706896551723
0 0.014996408045977011 0.9808728448275862 0.00951867816091954 0.008081896551724138
0 0.10721982758620689 0.9842403017241379 0.014727011494252873 0.016433189655172414
0 0.4198994252873563 0.9793911637931034 0.008979885057471264 0.007273706896551724
0 0.9560883620689655 0.9773706896551724 0.007004310344827586 0.009698275862068966
0 0.3172593390804598 0.9749461206896551 0.005208333333333333 0.008081896551724138
0 0.5058369252873564 0.9749461206896551 0.008081896551724138 0.008620689655172414
0 0.5034123563218391 0.9851831896551724 0.045617816091954026 0.029633620689655173
0 0.1980962643678161 0.978582974137931 0.011853448275862068 0.018588362068965518
0 0.8208512931034483 0.9752155172413793 0.010596264367816091 0.012392241379310345
0 0.1866918103448276 0.982489224137931 0.02101293103448276 0.028017241379310345
0 0.47781968390804597 0.9730603448275862 0.005567528735632184 0.010237068965517241
0 0.18588362068965517 0.9741379310344828 0.011853448275862068 0.01293103448275862
0 0.07121048850574713 0.9643049568965517 0.008441091954022989 0.012122844827586207
0 0.9963182471264368 0.9624191810344828 0.0073635057471264365 0.009967672413793104
0 0.8098958333333334 0.9624191810344828 0.004489942528735632 0.009967672413793104
0 0.07983117816091954 0.9616109913793104 0.008081896551724138 0.008890086206896552
0 0.0902478448275862 0.9731950431034483 0.028915229885057472 0.03259698275862069
0 0.10775862068965517 0.9602640086206896 0.005747126436781609 0.009428879310344827
0 0.05378951149425287 0.9602640086206896 0.012751436781609195 0.012661637931034482
0 0.2174030172413793 0.9560883620689655 0.005567528735632184 0.008081896551724138
0 0.9738685344827587 0.9624191810344828 0.02029454022988506 0.025592672413793104
0 0.8109734195402298 0.9524515086206896 0.005567528735632184 0.008890086206896552
0 0.23042385057471265 0.9737338362068966 0.020474137931034482 0.0525323275862069
0 0.1682830459770115 0.9625538793103449 0.027298850574712645 0.03286637931034483
0 0.9561781609195402 0.9508351293103449 0.022629310344827586 0.013739224137931034
0 0.970007183908046 0.9466594827586207 0.006824712643678161 0.007004310344827586
0 0.05872844827586207 0.947198275862069 0.010775862068965518 0.009698275862068966
0 0.12679597701149425 0.9466594827586207 0.007902298850574713 0.01293103448275862
0 0.16675646551724138 0.9419450431034483 0.006645114942528735 0.011045258620689655
0 0.7982219827586207 0.9441002155172413 0.010955459770114943 0.01912715517241379
0 0.1754669540229885 0.9401939655172413 0.009698275862068966 0.011314655172413793
0 0.07803520114942529 0.9397898706896551 0.0077227011494252875 0.012122844827586207
0 0.993444683908046 0.9360183189655172 0.008081896551724138 0.008890086206896552
0 0.04328304597701149 0.9435614224137931 0.014008620689655173 0.025053879310344827
0 0.057291666666666664 0.9330549568965517 0.005387931034482759 0.008351293103448275
0 0.06941451149425287 0.9385775862068966 0.014188218390804598 0.020474137931034482
0 0.9530352011494253 0.9338631465517241 0.0073635057471264365 0.012661637931034482
0 0.03636853448275862 0.9292834051724138 0.004489942528735632 0.008890086206896552
0 0.9960488505747126 0.9282058189655172 0.007902298850574713 0.013200431034482759
0 0.10093390804597702 0.9383081896551724 0.03807471264367816 0.0334051724137931
0 0.19800646551724138 0.9273976293103449 0.008081896551724138 0.012122844827586207
0 0.8026221264367817 0.9249730603448276 0.010775862068965518 0.009967672413793104
0 0.9417205459770115 0.9228178879310345 0.006645114942528735 0.011045258620689655
0 0.21677442528735633 0.9462553879310345 0.035201149425287355 0.05899784482758621
0 0.9494432471264368 0.9141971982758621 0.013469827586206896 0.009428879310344827
0 0.10389727011494253 0.9129849137931034 0.008081896551724138 0.011853448275862068
0 0.20456178160919541 0.9135237068965517 0.014367816091954023 0.014547413793103448
0 0.25287356321839083 0.91015625 0.006824712643678161 0.011045258620689655
0 0.12203663793103449 0.9137931034482759 0.02101293103448276 0.018318965517241378
0 0.9871587643678161 0.9129849137931034 0.017780172413793104 0.017241379310344827
0 0.08414152298850575 0.9147359913793104 0.018498563218390805 0.025592672413793104
0 0.052173132183908046 0.9075969827586207 0.0073635057471264365 0.011314655172413793
0 0.09617456896551724 0.9123114224137931 0.01598419540229885 0.02235991379310345
0 0.02101293103448276 0.9024784482758621 0.010775862068965518 0.007004310344827586
0 0.1945043103448276 0.9009967672413793 0.005028735632183908 0.011584051724137932
0 0.790319683908046 0.8984375 0.007004310344827586 0.008620689655172414
0 0.9735991379310345 0.8968211206896551 0.013649425287356323 0.01293103448275862
0 0.9875179597701149 0.8922413793103449 0.005208333333333333 0.01293103448275862
0 0.09410919540229885 0.8927801724137931 0.019755747126436782 0.020474137931034482
0 0.048132183908045974 0.9047683189655172 0.07112068965517242 0.05414870689655173
0 0.022000718390804596 0.880792025862069 0.0073635057471264365 0.009428879310344827
0 0.05971623563218391 0.8776939655172413 0.006285919540229885 0.010775862068965518
0 0.16522988505747127 0.875 0.00610632183908046 0.010237068965517241
0 0.08979885057471264 0.8716325431034483 0.011135057471264368 0.01050646551724138
0 0.1263469827586207 0.8861799568965517 0.04256465517241379 0.040140086206896554
0 0.7627514367816092 0.872979525862069 0.015445402298850575 0.014278017241379311
0 0.109375 0.8700161637931034 0.006824712643678161 0.008351293103448275
0 0.02747844827586207 0.8693426724137931 0.009698275862068966 0.013469827586206896
0 0.13254310344827586 0.8654364224137931 0.007183908045977011 0.008351293103448275
0 0.09913793103448276 0.8607219827586207 0.009698275862068966 0.007543103448275862
0 0.9969468390804598 0.8605872844827587 0.00610632183908046 0.009428879310344827
0 0.11691810344827586 0.8585668103448276 0.007183908045977011 0.007004310344827586
0 0.14251077586206898 0.8584321120689655 0.011314655172413793 0.011584051724137932
0 0.11063218390804598 0.8556034482758621 0.005387931034482759 0.005926724137931034
0 0.7856501436781609 0.8642241379310345 0.02173132183908046 0.023706896551724137
0 0.1285919540229885 0.8561422413793104 0.014727011494252873 0.009159482758620689
0 0.7784662356321839 0.853448275862069 0.008081896551724138 0.010237068965517241
0 0.9955100574712644 0.8515625 0.008979885057471264 0.008620689655172414
0 0.021821120689655173 0.8491379310344828 0.015625 0.010237068965517241
0 0.12293462643678162 0.8440193965517241 0.013829022988505748 0.008081896551724138
0 0.13272270114942528 0.8424030172413793 0.008261494252873564 0.009159482758620689
0 0.026760057471264368 0.8352640086206896 0.006824712643678161 0.008351293103448275
0 0.8898168103448276 0.8283943965517241 0.012392241379310345 0.007543103448275862
0 0.04956896551724138 0.7764008620689655 0.01257183908045977 0.011314655172413793
0 0.03187859195402299 0.7645474137931034 0.006285919540229885 0.009698275862068966
0 0.04552801724137931 0.7435344827586207 0.005567528735632184 0.008620689655172414
0 0.011314655172413793 0.622979525862069 0.022629310344827586 0.06384698275862069
0 0.9310344827586207 0.5278825431034483 0.009339080459770116 0.011584051724137932
0 0.7073455459770115 0.5219558189655172 0.005926724137931034 0.014278017241379311
0 0.9124461206896551 0.521551724137931 0.004489942528735632 0.014008620689655173
0 0.9796156609195402 0.5172413793103449 0.010596264367816091 0.010237068965517241
0 0.6385596264367817 0.5192618534482759 0.005567528735632184 0.01804956896551724
0 0.6529274425287356 0.5171066810344828 0.0077227011494252875 0.015894396551724137
0 0.5976113505747126 0.5154903017241379 0.013110632183908046 0.013739224137931034
0 0.7183010057471264 0.5118534482758621 0.008441091954022989 0.024245689655172414
0 0.6451149425287356 0.50390625 0.007183908045977011 0.015355603448275862
0 0.5398706896551724 0.4861260775862069 0.006824712643678161 0.011045258620689655
0 0.6697198275862069 0.48828125 0.01329022988505747 0.015894396551724137
0 0.6342492816091954 0.48747306034482757 0.012033045977011493 0.020743534482758622
0 0.9347162356321839 0.4904364224137931 0.028915229885057472 0.02882543103448276
0 0.6627155172413793 0.47400323275862066 0.010416666666666666 0.014278017241379311
0 0.9105603448275862 0.4754849137931034 0.035919540229885055 0.0334051724137931
0 0.5275682471264368 0.4603987068965517 0.006285919540229885 0.008620689655172414
0 0.6778915229885057 0.46228448275862066 0.006285919540229885 0.01293103448275862
0 0.702496408045977 0.4847790948275862 0.050107758620689655 0.0703125
0 0.6891163793103449 0.44921875 0.00646551724137931 0.009967672413793104
0 0.8726652298850575 0.44841056034482757 0.008620689655172414 0.01050646551724138
0 0.02451508620689655 0.4482758620689655 0.00951867816091954 0.018857758620689655
0 0.857489224137931 0.43763469827586204 0.00951867816091954 0.007273706896551724
0 0.7117456896551724 0.43898168103448276 0.007183908045977011 0.011045258620689655
0 0.5482219827586207 0.4447737068965517 0.013829022988505748 0.02478448275862069
0 0.7765804597701149 0.4291487068965517 0.00646551724137931 0.012392241379310345
0 0.7597880747126436 0.4269935344827586 0.012033045977011493 0.013469827586206896
0 0.6604705459770115 0.42443426724137934 0.005926724137931034 0.013200431034482759
0 0.5420258620689655 0.42052801724137934 0.008979885057471264 0.009698275862068966
0 0.7199173850574713 0.43345905172413796 0.03214798850574713 0.05334051724137931
0 0.7785560344827587 0.41082974137931033 0.009339080459770116 0.011853448275862068
0 0.8036099137931034 0.40759698275862066 0.004849137931034483 0.010237068965517241
0 0.7158764367816092 0.4027478448275862 0.007183908045977011 0.008620689655172414
0 0.4602191091954023 0.4018049568965517 0.0073635057471264365 0.008351293103448275
0 0.7558369252873564 0.3917025862068966 0.008081896551724138 0.011853448275862068
0 0.7136314655172413 0.3883351293103448 0.005208333333333333 0.009428879310344827
0 0.7075251436781609 0.38860452586206895 0.0077227011494252875 0.011584051724137932
0 0.6851652298850575 0.40153556034482757 0.018318965517241378 0.03744612068965517
0 0.7341954022988506 0.3900862068965517 0.020833333333333332 0.0334051724137931
0 0.8026221264367817 0.3861799568965517 0.014008620689655173 0.026670258620689655
0 0.5988685344827587 0.37890625 0.005567528735632184 0.012122844827586207
0 0.7624820402298851 0.3771551724137931 0.008081896551724138 0.014547413793103448
0 0.5954561781609196 0.37257543103448276 0.009159482758620689 0.016163793103448277
0 0.7346443965517241 0.36786099137931033 0.00951867816091954 0.008890086206896552
0 0.7078843390804598 0.3671875 0.017780172413793104 0.020474137931034482
0 0.7655352011494253 0.35802801724137934 0.005567528735632184 0.009159482758620689
0 0.7826867816091954 0.3754040948275862 0.029454022988505746 0.04606681034482758
0 0.7321300287356322 0.3576239224137931 0.006285919540229885 0.012122844827586207
0 0.5441810344827587 0.3582974137931034 0.010057471264367816 0.01993534482758621
0 0.6864224137931034 0.3525053879310345 0.007902298850574713 0.009967672413793104
0 0.9436961206896551 0.34954202586206895 0.006285919540229885 0.006734913793103448
0 0.7244971264367817 0.35075431034482757 0.009698275862068966 0.010237068965517241
0 0.6958512931034483 0.3487338362068966 0.0077227011494252875 0.007273706896551724
0 0.8045079022988506 0.3472521551724138 0.005208333333333333 0.009698275862068966
0 0.7852011494252874 0.34523168103448276 0.007543103448275862 0.008890086206896552
0 0.7401221264367817 0.3432112068965517 0.007902298850574713 0.010237068965517241
0 0.7059087643678161 0.33957435344827586 0.006645114942528735 0.012661637931034482
0 0.9426185344827587 0.34051724137931033 0.011314655172413793 0.02101293103448276
0 0.45545977011494254 0.3370150862068966 0.01293103448275862 0.014008620689655173
0 0.8759877873563219 0.33405172413793105 0.009877873563218391 0.011314655172413793
0 0.7689475574712644 0.3331088362068966 0.010955459770114943 0.021282327586206896
0 0.8400682471264368 0.3527747844827586 0.024964080459770114 0.06384698275862069
0 0.06618175287356322 0.3254310344827586 0.006645114942528735 0.014547413793103448
0 0.7164152298850575 0.3224676724137931 0.008620689655172414 0.014547413793103448
0 0.8805675287356322 0.32058189655172414 0.009698275862068966 0.014008620689655173
0 0.8591056034482759 0.33270474137931033 0.018139367816091954 0.045797413793103446
0 0.5316091954022989 0.31263469827586204 0.006824712643678161 0.007273706896551724
0 0.08602729885057471 0.31047952586206895 0.00646551724137931 0.01050646551724138
0 0.8671875 0.31223060344827586 0.008441091954022989 0.01670258620689655
0 0.8904454022988506 0.2986260775862069 0.011853448275862068 0.009428879310344827
0 0.7832255747126436 0.2974137931034483 0.011853448275862068 0.014008620689655173
0 0.4396551724137931 0.2840786637931034 0.008261494252873564 0.006734913793103448
0 0.46012931034482757 0.30441810344827586 0.028735632183908046 0.050107758620689655
0 0.4557291666666667 0.2778825431034483 0.011314655172413793 0.014278017241379311
0 0.8719468390804598 0.2583512931034483 0.010775862068965518 0.005387931034482759
0 0.4749461206896552 0.25148168103448276 0.008081896551724138 0.020743534482758622
0 0.6078484195402298 0.2400323275862069 0.010955459770114943 0.014008620689655173
0 0.4680316091954023 0.23679956896551724 0.008261494252873564 0.01293103448275862
0 0.4765625 0.23760775862068967 0.004849137931034483 0.015086206896551725
0 0.5426544540229885 0.2273706896551724 0.004849137931034483 0.011314655172413793
0 0.07902298850574713 0.2248114224137931 0.00610632183908046 0.012122844827586207
0 0.45905172413793105 0.2134967672413793 0.010775862068965518 0.018588362068965518
0 0.600933908045977 0.2075700431034483 0.007543103448275862 0.011584051724137932
0 0.608746408045977 0.20797413793103448 0.007004310344827586 0.014547413793103448
0 0.10344827586206896 0.1947737068965517 0.006824712643678161 0.008620689655172414
0 0.5913254310344828 0.2140355603448276 0.019576149425287355 0.049299568965517244
0 0.4516882183908046 0.19436961206896552 0.008261494252873564 0.011584051724137932
0 0.4431573275862069 0.1763200431034483 0.030711206896551723 0.0369073275862069
0 0.5836925287356322 0.1615032327586207 0.005387931034482759 0.008890086206896552
0 0.6317349137931034 0.16015625 0.006645114942528735 0.013200431034482759
0 0.593121408045977 0.1575969827586207 0.007004310344827586 0.015086206896551725
0 0.4286099137931034 0.1588092672413793 0.008800287356321839 0.018588362068965518
0 0.6168283045977011 0.17416487068965517 0.043642241379310345 0.057920258620689655
0 0.6146731321839081 0.15005387931034483 0.006645114942528735 0.01293103448275862
0 0.6363146551724138 0.1398168103448276 0.006824712643678161 0.005387931034482759
0 0.37526939655172414 0.1414331896551724 0.006285919540229885 0.011853448275862068
0 0.4355244252873563 0.13941271551724138 0.005747126436781609 0.013200431034482759
0 0.4667744252873563 0.13375538793103448 0.005028735632183908 0.009967672413793104
0 0.6236530172413793 0.1359105603448276 0.00951867816091954 0.016433189655172414
0 0.4281609195402299 0.13442887931034483 0.007183908045977011 0.014547413793103448
0 0.3671875 0.13079202586206898 0.005208333333333333 0.008351293103448275
0 0.6135955459770115 0.13793103448275862 0.01526580459770115 0.023168103448275863
0 0.15669899425287356 0.12082435344827586 0.003771551724137931 0.009967672413793104
0 0.6470007183908046 0.12446120689655173 0.005208333333333333 0.017780172413793104
0 0.5967133620689655 0.13254310344827586 0.037176724137931036 0.0490301724137931
0 0.45267600574712646 0.109375 0.013469827586206896 0.026400862068965518
0 0.37248563218390807 0.09711745689655173 0.008261494252873564 0.008890086206896552
0 0.38299209770114945 0.08984375 0.004849137931034483 0.008351293103448275
0 0.6310165229885057 0.08472521551724138 0.004489942528735632 0.011045258620689655
0 0.6094647988505747 0.09051724137931035 0.03322557471264368 0.03825431034482758
0 0.16388290229885058 0.0660021551724138 0.006645114942528735 0.004310344827586207
0 0.6360452586206896 0.06923491379310345 0.004849137931034483 0.011314655172413793
0 0.6010237068965517 0.06169181034482758 0.008081896551724138 0.016163793103448277
0 0.5578304597701149 0.0660021551724138 0.011494252873563218 0.028017241379310345
0 0.6267061781609196 0.06115301724137931 0.004849137931034483 0.01939655172413793
0 0.6351472701149425 0.057112068965517244 0.013110632183908046 0.014547413793103448
0 0.6438577586206896 0.05118534482758621 0.00610632183908046 0.009698275862068966
0 0.6166487068965517 0.050107758620689655 0.005208333333333333 0.007543103448275862
0 0.7985811781609196 0.04997306034482758 0.006285919540229885 0.012661637931034482
0 0.8785919540229885 0.040948275862068964 0.007543103448275862 0.013469827586206896
0 0.5632183908045977 0.041891163793103446 0.013649425287356323 0.017510775862068964
0 0.8714080459770115 0.03529094827586207 0.005387931034482759 0.013469827586206896
0 0.4417205459770115 0.045797413793103446 0.024245689655172414 0.04418103448275862
0 0.3192349137931034 0.018723060344827586 0.006285919540229885 0.012661637931034482
0 0.33575790229885055 0.024245689655172414 0.011314655172413793 0.024245689655172414
0 0.633441091954023 0.011853448275862068 0.003951149425287357 0.010237068965517241
0 0.37257543103448276 0.011988146551724138 0.004489942528735632 0.011584051724137932
0 0.6645114942528736 0.006196120689655173 0.00610632183908046 0.012392241379310345
0 0.640625 0.005926724137931034 0.009339080459770116 0.011853448275862068
0 0.5656429597701149 0.010641163793103448 0.009159482758620689 0.021282327586206896
0 0.5040409482758621 0.5 0.9919181034482759 1.0
