0 0.5283333333333333 0.9523460410557185 0.06166666666666667 0.09530791788856305
0 0.53375 0.782991202346041 0.0275 0.06158357771260997
0 0.4379166666666667 0.718475073313783 0.0525 0.07624633431085044
0 0.3929166666666667 0.6121700879765396 0.04416666666666667 0.08064516129032258
0 0.22666666666666666 0.5300586510263929 0.03333333333333333 0.060117302052785926
0 0.0725 0.5263929618768328 0.023333333333333334 0.05865102639296188
0 0.15958333333333333 0.4970674486803519 0.019166666666666665 0.05571847507331378
0 0.6466666666666666 0.44574780058651026 0.051666666666666666 0.07331378299120235
0 0.06875 0.44501466275659823 0.030833333333333334 0.10117302052785923
0 0.6054166666666667 0.40175953079178883 0.04083333333333333 0.07038123167155426
0 0.08875 0.37390029325513197 0.0225 0.0469208211143695
0 0.23875 0.3563049853372434 0.025833333333333333 0.0469208211143695
0 0.375 0.41348973607038125 0.06833333333333333 0.2697947214076246
0 0.01125 0.29765395894428154 0.0225 0.06744868035190615
0 0.5183333333333333 0.41055718475073316 0.16 0.3255131964809384
0 0.08583333333333333 0.23973607038123168 0.02666666666666667 0.04838709677419355
0 0.042083333333333334 0.15249266862170088 0.029166666666666667 0.07331378299120235
0 0.28583333333333333 0.09164222873900293 0.08333333333333333 0.15395894428152493
0 0.15875 0.24560117302052786 0.15083333333333335 0.4912023460410557
0 0.06791666666666667 0.03812316715542522 0.04583333333333333 0.07624633431085044
