0 0.5705 0.8110944527736131 0.014 0.020989505247376312
0 0.50425 0.7972263868065967 0.0435 0.02923538230884558
0 0.4525 0.8035982008995503 0.057 0.041979010494752625
0 0.394 0.7893553223388305 0.02 0.019490254872563718
0 0.32775 0.7642428785607196 0.0335 0.03973013493253373
0 0.41375 0.7571214392803598 0.0315 0.029985007496251874
0 0.364 0.7492503748125937 0.047 0.04572713643178411
0 0.56475 0.48875562218890556 0.0135 0.034482758620689655
0 0.612 0.4707646176911544 0.027 0.046476761619190406
0 0.891 0.4572713643178411 0.025 0.049475262368815595
0 0.894 0.4089205397301349 0.014 0.03073463268365817
0 0.91775 0.33995502248875564 0.0155 0.024737631184407798
0 0.352 0.1199400299850075 0.019 0.02848575712143928
0 0.1655 0.09895052473763119 0.015 0.034482758620689655
0 0.146 0.08620689655172414 0.031 0.03298350824587706
0 0.262 0.06896551724137931 0.023 0.022488755622188907
0 0.5 0.43928035982008995 1.0 0.775112443778111
0 0.3015 0.06521739130434782 0.022 0.029985007496251874
0 0.224 0.05022488755622189 0.027 0.01199400299850075
