0 0.11279296875 0.9790419161676647 0.0439453125 0.041916167664670656
0 0.9677734375 0.9767964071856288 0.064453125 0.04640718562874251
0 0.18017578125 0.9258982035928144 0.1103515625 0.08832335329341318
0 0.80126953125 0.8383233532934131 0.0263671875 0.05089820359281437
0 0.82763671875 0.8937125748502994 0.3408203125 0.2125748502994012
0 0.783203125 0.7627245508982036 0.0390625 0.05538922155688623
0 0.92431640625 0.7642215568862275 0.0478515625 0.061377245508982034
0 0.39208984375 0.6916167664670658 0.0498046875 0.023952095808383235
0 0.55908203125 0.7522455089820359 0.2802734375 0.1631736526946108
0 0.74462890625 0.7215568862275449 0.0888671875 0.11976047904191617
0 0.791015625 0.6377245508982036 0.125 0.1437125748502994
0 0.96435546875 0.5898203592814372 0.0341796875 0.0658682634730539
0 0.533203125 0.5868263473053892 0.115234375 0.09580838323353294
0 0.2607421875 0.5681137724550899 0.01953125 0.07035928143712575
0 0.88818359375 0.4333832335329341 0.0791015625 0.43263473053892215
0 0.8125 0.37574850299401197 0.07421875 0.38023952095808383
0 0.015625 0.17290419161676646 0.03125 0.04640718562874251
0 0.2177734375 0.5576347305389222 0.435546875 0.8847305389221557
