0 0.6463541666666667 0.9856481481481482 0.036458333333333336 0.028703703703703703
0 0.775 0.9782407407407407 0.017708333333333333 0.04351851851851852
0 0.6783854166666666 0.9731481481481481 0.0171875 0.04259259259259259
0 0.5973958333333333 0.9652777777777778 0.014583333333333334 0.04351851851851852
0 0.8041666666666667 0.9708333333333333 0.041666666666666664 0.058333333333333334
0 0.7200520833333334 0.9694444444444444 0.0515625 0.06111111111111111
0 0.6765625 0.8675925925925926 0.015625 0.022222222222222223
0 0.621875 0.8722222222222222 0.09166666666666666 0.1685185185185185
0 0.6908854166666667 0.7986111111111112 0.0109375 0.04722222222222222
0 0.709375 0.7949074074074074 0.01875 0.049074074074074076
0 0.6455729166666667 0.7703703703703704 0.028645833333333332 0.03518518518518519
0 0.44869791666666664 0.5699074074074074 0.022395833333333334 0.03611111111111111
0 0.42109375 0.6976851851851852 0.39427083333333335 0.36203703703703705
0 0.6973958333333333 0.5462962962962963 0.06354166666666666 0.06851851851851852
0 0.64765625 0.3236111111111111 0.09739583333333333 0.19537037037037036
0 0.54921875 0.22175925925925927 0.0984375 0.1398148148148148
0 0.9388020833333334 0.047685185185185185 0.0140625 0.041666666666666664
