0 0.2115 0.6027667984189723 0.02033333333333333 0.038537549407114624
0 0.989 0.6252470355731226 0.022 0.09337944664031621
0 0.9908333333333333 0.5662055335968379 0.018333333333333333 0.04940711462450593
0 0.993 0.2215909090909091 0.014 0.022233201581027668
0 0.08266666666666667 0.22356719367588934 0.018 0.031126482213438736
0 0.0115 0.21566205533596838 0.023 0.023221343873517788
0 0.036333333333333336 0.208498023715415 0.028 0.017786561264822136
0 0.0655 0.18626482213438736 0.036333333333333336 0.025691699604743084
0 0.09333333333333334 0.07065217391304347 0.028666666666666667 0.03359683794466403
0 0.08933333333333333 0.0533596837944664 0.01 0.014822134387351778
0 0.11033333333333334 0.045454545454545456 0.010666666666666666 0.014822134387351778
0 0.108 0.03557312252964427 0.015333333333333332 0.0266798418972332
0 0.5235 0.3564723320158103 0.953 0.7129446640316206
