0 0.6546875 0.9522691705790297 0.203125 0.09546165884194054
0 0.2484375 0.9436619718309859 0.225 0.11267605633802817
0 0.69921875 0.7417840375586855 0.1046875 0.053208137715179966
0 0.846875 0.7574334898278561 0.15 0.1189358372456964
0 0.390625 0.7996870109546166 0.315625 0.22535211267605634
0 0.15859375 0.7793427230046949 0.2890625 0.18779342723004694
0 0.48203125 0.661189358372457 0.9359375 0.15179968701095461
0 0.50703125 0.5837245696400626 0.1234375 0.04381846635367762
0 0.37578125 0.5641627543035994 0.1328125 0.048513302034428794
0 0.22109375 0.5500782472613458 0.1421875 0.03912363067292645
0 0.74609375 0.4029733959311424 0.3296875 0.19248826291079812
0 0.41796875 0.39123630672926446 0.2953125 0.22535211267605634
0 0.97109375 0.2715179968701095 0.0578125 0.1643192488262911
0 0.128125 0.29577464788732394 0.25625 0.297339593114241
