0 0.7671875 0.9791666666666666 0.103125 0.041666666666666664
0 0.2578125 0.975 0.109375 0.05
0 0.923046875 0.9569444444444445 0.03984375 0.025
0 0.02734375 0.9541666666666667 0.0546875 0.05277777777777778
0 0.818359375 0.9361111111111111 0.02890625 0.025
0 0.558203125 0.9548611111111112 0.06328125 0.09027777777777778
0 0.14765625 0.9277777777777778 0.1796875 0.08055555555555556
0 0.95703125 0.8756944444444444 0.0859375 0.034722222222222224
0 0.9265625 0.8305555555555556 0.0765625 0.041666666666666664
0 0.6328125 0.8625 0.25 0.1638888888888889
0 0.53203125 0.8020833333333334 0.084375 0.06527777777777778
0 0.4609375 0.7618055555555555 0.0421875 0.04583333333333333
0 0.615625 0.7465277777777778 0.034375 0.04861111111111111
0 0.558984375 0.7506944444444444 0.06796875 0.0625
0 0.64375 0.6208333333333333 0.05 0.09166666666666666
0 0.147265625 0.6145833333333334 0.07578125 0.10694444444444444
0 0.744140625 0.56875 0.04921875 0.02638888888888889
0 0.259765625 0.7763888888888889 0.51953125 0.44722222222222224
0 0.225 0.575 0.0484375 0.05555555555555555
0 0.498046875 0.6131944444444445 0.09765625 0.1486111111111111
0 0.678125 0.5451388888888888 0.0296875 0.04861111111111111
0 0.4453125 0.5625 0.0484375 0.09444444444444444
0 0.563671875 0.525 0.03359375 0.03888888888888889
0 0.291015625 0.49236111111111114 0.05390625 0.07361111111111111
0 0.905078125 0.39444444444444443 0.03828125 0.041666666666666664
0 0.58828125 0.36736111111111114 0.06875 0.05694444444444444
0 0.590625 0.31805555555555554 0.0484375 0.05277777777777778
0 0.90390625 0.31805555555555554 0.046875 0.10833333333333334
0 0.87734375 0.24444444444444444 0.028125 0.07777777777777778
0 0.708984375 0.2222222222222222 0.05390625 0.14166666666666666
0 0.79453125 0.2548611111111111 0.1046875 0.22361111111111112
0 0.27890625 0.17708333333333334 0.5375 0.3541666666666667
