0 0.1329091859857068 0.9941161087866108 0.005054906745685899 0.00653765690376569
0 0.35637092557085587 0.9926778242677824 0.00644936377897856 0.005230125523012552
0 0.13081750043576781 0.9865324267782427 0.006797978037301726 0.011244769874476987
0 0.20603102666899076 0.9888859832635983 0.009412584974725467 0.01752092050209205
0 0.28159316716053684 0.9806485355648535 0.007843820812271222 0.006799163179916318
0 0.37075126372668643 0.986663179916318 0.01603625588286561 0.026673640167364017
0 0.3207251176573122 0.986663179916318 0.017430712916158272 0.026673640167364017
0 0.31235837545755624 0.9746338912133892 0.008715356458079136 0.013598326359832637
0 0.2732264249607809 0.9714958158995816 0.005054906745685899 0.011506276150627616
0 0.2789785602231131 0.9690115062761506 0.0040090639707164024 0.010198744769874478
0 0.13125326825867178 0.9697960251046025 0.011852884782987624 0.01647489539748954
0 0.2902213700540352 0.9618200836820083 0.008018127941432805 0.006799163179916318
0 0.2652082970193481 0.9606433054393305 0.003660449712393237 0.009152719665271966
0 0.36351751786648073 0.9623430962343096 0.006797978037301726 0.01778242677824268
0 0.2510022659926791 0.955413179916318 0.004531985358201151 0.007583682008368201
0 0.2611992330486317 0.9495292887029289 0.014467491720411365 0.010460251046025104
0 0.3196792748823427 0.9522751046025104 0.009063970716402301 0.01961297071129707
0 0.10493289175527279 0.9496600418410042 0.014641798849572948 0.01647489539748954
0 0.5319853582011504 0.94168410041841 0.004880599616524316 0.006276150627615063
0 0.09421300331183545 0.9428608786610879 0.005403521004009064 0.008629707112970711
0 0.26180930800069724 0.9390690376569037 0.014641798849572948 0.011506276150627616
0 0.28263900993550634 0.9397228033472803 0.009935506362210215 0.01542887029288703
0 0.4304514554645285 0.9270397489539749 0.006100749520655395 0.00993723849372385
0 0.185462785427924 0.9257322175732218 0.004531985358201151 0.007845188284518828
0 0.26974028237754927 0.9282165271966527 0.008192435070594388 0.014382845188284518
0 0.08732787170995293 0.9215481171548117 0.005229213874847481 0.007845188284518828
0 0.3861774446574865 0.921286610878661 0.007146592295624891 0.013598326359832637
0 0.08157573644762071 0.9186715481171548 0.005926442391493812 0.012552301255230125
0 0.3955028760676312 0.9232479079497908 0.010109813491371798 0.026935146443514645
0 0.2650339898901865 0.9137029288702929 0.009935506362210215 0.00889121338912134
0 0.00897681715182151 0.9130491631799164 0.005054906745685899 0.009675732217573221
0 0.07739236534774273 0.9116108786610879 0.008715356458079136 0.009414225941422594
0 0.32525710301551336 0.9139644351464435 0.006972285166463308 0.015167364016736401
0 0.13665678926268085 0.9130491631799164 0.009063970716402301 0.013336820083682008
0 0.531723897507408 0.9126569037656904 0.006100749520655395 0.014644351464435146
0 0.4460519435244901 0.908342050209205 0.008018127941432805 0.007060669456066946
0 0.17047237232002788 0.9231171548117155 0.027540526407530068 0.036610878661087864
0 0.40003486142583233 0.9067730125523012 0.005577828133170646 0.007583682008368201
0 0.5431410144674917 0.9082112970711297 0.005229213874847481 0.010983263598326359
0 0.43681366567892627 0.9071652719665272 0.008715356458079136 0.01307531380753138
0 0.2693916681192261 0.9053347280334728 0.005752135262332229 0.00993723849372385
0 0.1571378769391668 0.9493985355648535 0.03956771831967928 0.10120292887029289
0 0.4569461390970891 0.8997123430962343 0.006100749520655395 0.00653765690376569
0 0.07695659752483877 0.9010198744769874 0.005403521004009064 0.010721757322175732
0 0.13848701411887746 0.897489539748954 0.013421648945441868 0.01307531380753138
0 0.01926093777235489 0.8951359832635983 0.013421648945441868 0.010460251046025104
0 0.5248387659055256 0.8939592050209205 0.008715356458079136 0.014905857740585775
0 0.07312184068328395 0.890036610878661 0.013073034687118703 0.02065899581589958
0 0.17195398291790134 0.8926516736401674 0.012375806170472372 0.026935146443514645
0 0.6443263029457905 0.8831066945606695 0.00958689210388705 0.01202928870292887
0 0.13683109639184243 0.8763075313807531 0.004531985358201151 0.008368200836820083
0 0.16777061181802336 0.8705543933054394 0.007146592295624891 0.007845188284518828
0 0.5253616872930102 0.8531642259414226 0.008715356458079136 0.00444560669456067
0 0.6563534948579397 0.8553870292887029 0.008541049328917553 0.01202928870292887
0 0.010719888443437336 0.8531642259414226 0.007495206553948057 0.009152719665271966
0 0.11722154436116437 0.8468880753138075 0.012027191912149206 0.015951882845188285
0 0.03442565800941259 0.8496338912133892 0.0141188774620882 0.027196652719665274
0 0.2370576956597525 0.9122646443514645 0.051246295973505315 0.1665794979079498
0 0.1602754052640753 0.8280596234309623 0.005403521004009064 0.007060669456066946
0 0.1523444308872233 0.8250523012552301 0.009761199233048632 0.01202928870292887
0 0.01220149904131079 0.8260983263598326 0.010109813491371798 0.014644351464435146
0 0.4262680843646505 0.8221757322175732 0.005752135262332229 0.00993723849372385
0 0.6970542095171692 0.8178608786610879 0.005926442391493812 0.008106694560669456
0 0.015339027366219279 0.8170763598326359 0.005926442391493812 0.007060669456066946
0 0.41293358898378946 0.8057008368200836 0.011852884782987624 0.007845188284518828
0 0.6568764162454245 0.8246600418410042 0.020742548370228344 0.049947698744769876
0 0.6757887397594562 0.7994246861924686 0.004880599616524316 0.006799163179916318
0 0.6024925919470107 0.797463389121339 0.006797978037301726 0.013859832635983263
0 0.025448840857591075 0.8025627615062761 0.025448840857591075 0.03765690376569038
0 0.29989541572250306 0.7909257322175732 0.016907791528673524 0.018043933054393304
0 0.6159142408924525 0.787918410041841 0.004357678229039568 0.015167364016736401
0 0.41092905699843124 0.7816422594142259 0.007843820812271222 0.008368200836820083
0 0.4245250130730347 0.77706589958159 0.008889663587240719 0.010198744769874478
0 0.31340421823252573 0.856694560669456 0.07042008018127942 0.17782426778242677
0 0.41668119226076344 0.7677824267782427 0.003660449712393237 0.008368200836820083
0 0.4141537388879205 0.7621600418410042 0.019522398466097265 0.01647489539748954
0 0.32795886351751785 0.7554916317991632 0.0047062924873627334 0.00889121338912134
0 0.8621230608331881 0.7485617154811716 0.008018127941432805 0.008106694560669456
0 0.06850270176050201 0.7460774058577406 0.009761199233048632 0.007322175732217573
0 0.8601185288478299 0.7395397489539749 0.009935506362210215 0.014121338912133892
0 0.32534425658009414 0.7377092050209205 0.00958689210388705 0.013598326359832637
0 0.6916506885131601 0.7344403765690377 0.01673348439951194 0.014382845188284518
0 0.34094474464005575 0.7259414225941423 0.007669513683109639 0.006799163179916318
0 0.6721282900470629 0.7230648535564853 0.006623670908140143 0.005230125523012552
0 0.7011504270524664 0.7226725941422594 0.005054906745685899 0.007060669456066946
0 0.8052117831619313 0.7216265690376569 0.005752135262332229 0.0054916317991631795
0 0.10292835976991459 0.7449006276150628 0.025274533728429492 0.052039748953974896
0 0.09482307826390099 0.7235878661087866 0.01220149904131079 0.014644351464435146
0 0.8332752309569461 0.7352248953974896 0.030503747603276975 0.06145397489539749
0 0.6728255185637092 0.7094665271966527 0.013247341816280286 0.017259414225941423
0 0.3453895764336761 0.703321129707113 0.006797978037301726 0.007583682008368201
0 0.6906048457381907 0.7097280334728033 0.014293184591249782 0.025627615062761507
0 0.6674219975597002 0.6922071129707112 0.01673348439951194 0.021443514644351465
0 0.8258671779675789 0.6795240585774058 0.007320899424786474 0.010721757322175732
0 0.7220672825518564 0.6723326359832636 0.01098134913717971 0.01202928870292887
0 0.6907791528673523 0.674555439330544 0.015339027366219279 0.0274581589958159
0 0.4864911974899773 0.6558577405857741 0.012550113299633955 0.01307531380753138
0 0.6769217360990064 0.6514121338912134 0.007146592295624891 0.014644351464435146
0 0.6901690779152867 0.6442207112970711 0.006797978037301726 0.008629707112970711
0 0.46531288129684506 0.6427824267782427 0.013073034687118703 0.014121338912133892
0 0.6577479518912324 0.6489278242677824 0.008192435070594388 0.026935146443514645
0 0.12471675091511243 0.6365062761506276 0.005054906745685899 0.009414225941422594
0 0.675440125501133 0.6346757322175732 0.008018127941432805 0.006276150627615063
0 0.4838765905525536 0.6359832635983264 0.010807042008018127 0.018305439330543932
0 0.7004531985358201 0.6307531380753139 0.019696705595258848 0.01202928870292887
0 0.6624542443785951 0.6264382845188284 0.01028412062053338 0.007583682008368201
0 0.4355063622102144 0.6359832635983264 0.029457904828307478 0.026673640167364017
0 0.1249782116088548 0.6269612970711297 0.005926442391493812 0.008629707112970711
0 0.4938120969147638 0.6226464435146444 0.01220149904131079 0.013598326359832637
0 0.4839637441171344 0.6168933054393305 0.009935506362210215 0.014121338912133892
0 0.13569810005229213 0.6009414225941423 0.005752135262332229 0.006799163179916318
0 0.9794317587589333 0.604602510460251 0.016384870141188775 0.03399581589958159
0 0.4851838940212655 0.58956589958159 0.00644936377897856 0.008629707112970711
0 0.5074952065539481 0.7571914225941423 0.34843995119400384 0.34440376569037656
0 0.5900296322119575 0.5836820083682008 0.014641798849572948 0.01202928870292887
0 0.7305211783161931 0.584597280334728 0.009761199233048632 0.01542887029288703
0 0.6619313229911103 0.5800209205020921 0.009935506362210215 0.006799163179916318
0 0.6455464528499215 0.6290533472803347 0.070594387310441 0.12473849372384938
0 0.48561966184416944 0.5685146443514645 0.008715356458079136 0.010983263598326359
0 0.6310789611295102 0.5619769874476988 0.008541049328917553 0.008368200836820083
0 0.6671605368659578 0.5596234309623431 0.013770263203765034 0.016213389121338913
0 0.6991458950671082 0.5519089958158996 0.008018127941432805 0.006014644351464435
0 0.6393585497646854 0.546678870292887 0.008018127941432805 0.009675732217573221
0 0.6261112079484051 0.5316422594142259 0.017779327174481437 0.011506276150627616
0 0.8954157225030503 0.517913179916318 0.006275056649816977 0.011244769874476987
0 0.6231479867526581 0.5138598326359832 0.015339027366219279 0.008368200836820083
0 0.6985358201150427 0.5180439330543933 0.01098134913717971 0.02510460251046025
0 0.7222415896810179 0.4992154811715481 0.006797978037301726 0.014644351464435146
0 0.7056824124106676 0.49607740585774057 0.028760676311661147 0.01882845188284519
0 0.6461565278019871 0.4814330543933054 0.010458427749694962 0.005230125523012552
0 0.8819069199930277 0.48326359832635984 0.006100749520655395 0.014121338912133892
0 0.6935680669339376 0.45685146443514646 0.00836674219975597 0.011506276150627616
0 0.8521875544709778 0.4507060669456067 0.006972285166463308 0.007583682008368201
0 0.8032072511765731 0.4348849372384937 0.006623670908140143 0.006276150627615063
0 0.7568415548195921 0.3713389121338912 0.008715356458079136 0.01202928870292887
0 0.7718319679274882 0.3682008368200837 0.008018127941432805 0.00993723849372385
0 0.7690430538609029 0.35669456066945604 0.005229213874847481 0.007845188284518828
0 0.7759281854627854 0.35460251046025104 0.008192435070594388 0.014121338912133892
0 0.7634652257277322 0.3472803347280335 0.013595956074603451 0.005753138075313808
0 0.7375806170472372 0.34126569037656906 0.00958689210388705 0.013598326359832637
0 0.7347917029806519 0.3284518828451883 0.00958689210388705 0.005753138075313808
0 0.729301028412062 0.3207374476987448 0.0038347568415548197 0.007583682008368201
0 0.73017256405787 0.3117154811715481 0.007669513683109639 0.005753138075313808
0 0.997908314450061 0.2871338912133891 0.004183371099877985 0.016213389121338913
0 0.7813317064667945 0.27588912133891214 0.005752135262332229 0.014121338912133892
0 0.9973853930625762 0.2728817991631799 0.005229213874847481 0.011244769874476987
0 0.704287955377375 0.27013598326359833 0.007495206553948057 0.014121338912133892
0 0.7050723374586021 0.2519612970711297 0.004183371099877985 0.008629707112970711
0 0.24280983092208472 0.24450836820083682 0.009063970716402301 0.00889121338912134
0 0.25640578699668815 0.2424163179916318 0.02126546975771309 0.034518828451882845
0 0.77862994596479 0.16867154811715482 0.009063970716402301 0.007322175732217573
0 0.7763639532856894 0.16030334728033474 0.004531985358201151 0.007322175732217573
0 0.7670385218755447 0.11218619246861924 0.006797978037301726 0.008368200836820083
0 0.1824124106675963 0.06812238493723849 0.005752135262332229 0.006014644351464435
0 0.8443437336587066 0.41056485355648537 0.31131253268258674 0.8211297071129707
