0 0.69921875 0.8988269794721407 0.154296875 0.08211143695014662
0 0.396484375 0.874633431085044 0.029296875 0.04252199413489736
0 0.42578125 0.842375366568915 0.048828125 0.060117302052785926
0 0.513671875 0.843841642228739 0.123046875 0.10117302052785923
0 0.005859375 0.5740469208211144 0.01171875 0.12463343108504399
0 0.97412109375 0.5520527859237536 0.0517578125 0.24780058651026393
0 0.43603515625 0.3790322580645161 0.0576171875 0.12756598240469208
0 0.70361328125 0.5153958944281525 0.4072265625 0.47653958944281527
0 0.52099609375 0.23313782991202345 0.0263671875 0.05571847507331378
0 0.4423828125 0.24780058651026393 0.046875 0.1348973607038123
