0 0.3204188481675393 0.9385 0.014659685863874346 0.049
0 0.3426701570680628 0.933 0.015183246073298429 0.05
0 0.13481675392670156 0.779 0.021465968586387434 0.032
0 0.2099476439790576 0.4695 0.0774869109947644 0.095
0 0.9164921465968586 0.4315 0.060209424083769635 0.053
0 0.16413612565445027 0.3975 0.014136125654450262 0.071
0 0.18979057591623036 0.374 0.014136125654450262 0.034
0 0.9761780104712042 0.3915 0.04764397905759162 0.113
0 0.343717277486911 0.253 0.012041884816753926 0.056
0 0.39973821989528796 0.1495 0.024607329842931937 0.043
0 0.2761780104712042 0.257 0.27591623036649215 0.388
0 0.7272251308900524 0.289 0.4523560209424084 0.578
0 0.4712041884816754 0.2355 0.12774869109947645 0.471
0 0.10104712041884817 0.0295 0.08900523560209424 0.059
