0 0.9154166666666667 0.9771303258145363 0.035 0.03822055137844611
0 0.960625 0.9774436090225563 0.01625 0.045112781954887216
0 0.8908333333333334 0.9605263157894737 0.019166666666666665 0.020050125313283207
0 0.9191666666666667 0.9420426065162907 0.015 0.019423558897243107
0 0.8379166666666666 0.9464285714285714 0.02666666666666667 0.02944862155388471
0 0.78625 0.943295739348371 0.04 0.045739348370927316
0 0.9020833333333333 0.9260651629072681 0.0225 0.018796992481203006
0 0.6229166666666667 0.924812030075188 0.013333333333333334 0.020050125313283207
0 0.5927083333333333 0.9326441102756893 0.019583333333333335 0.044486215538847115
0 0.9847916666666666 0.9197994987468672 0.017083333333333332 0.021303258145363407
0 0.8433333333333334 0.9097744360902256 0.011666666666666667 0.02506265664160401
0 0.9127083333333333 0.9085213032581454 0.02875 0.023809523809523808
0 0.030625 0.9464285714285714 0.06125 0.10714285714285714
0 0.71875 0.8994360902255639 0.02666666666666667 0.03195488721804511
0 0.7602083333333334 0.9119674185463659 0.05291666666666667 0.06453634085213032
0 0.8739583333333333 0.8947368421052632 0.017083333333333332 0.03508771929824561
0 0.79125 0.8894110275689223 0.0125 0.03446115288220551
0 0.023333333333333334 0.8872180451127819 0.045 0.043859649122807015
0 0.6725 0.8386591478696742 0.0225 0.02443609022556391
0 0.378125 0.8223684210526315 0.01875 0.019423558897243107
0 0.61 0.8176691729323309 0.0225 0.02506265664160401
0 0.6625 0.8045112781954887 0.021666666666666667 0.022556390977443608
0 0.9925 0.7631578947368421 0.015 0.021303258145363407
0 0.015416666666666667 0.7709899749373433 0.016666666666666666 0.03822055137844611
0 0.6575 0.7521929824561403 0.011666666666666667 0.02443609022556391
0 0.9854166666666667 0.5604636591478697 0.029166666666666667 0.05576441102756892
0 0.9658333333333333 0.5244360902255639 0.021666666666666667 0.05388471177944862
0 0.025833333333333333 0.47963659147869675 0.011666666666666667 0.020676691729323307
0 0.7145833333333333 0.4326441102756892 0.02666666666666667 0.02694235588972431
0 0.61875 0.4323308270676692 0.01 0.03132832080200501
0 0.7397916666666666 0.4323308270676692 0.019583333333333335 0.040100250626566414
0 0.280625 0.41102756892230574 0.007916666666666667 0.03759398496240601
0 0.9041666666666667 0.40852130325814534 0.02666666666666667 0.05889724310776942
0 0.32666666666666666 0.39724310776942356 0.03166666666666667 0.05388471177944862
0 0.393125 0.3743734335839599 0.03125 0.040726817042606514
0 0.6535416666666667 0.362468671679198 0.012916666666666667 0.05827067669172932
0 0.20979166666666665 0.34523809523809523 0.022916666666666665 0.03508771929824561
0 0.3697916666666667 0.31954887218045114 0.03125 0.021303258145363407
0 0.19020833333333334 0.32299498746867167 0.010416666666666666 0.03446115288220551
0 0.94125 0.3167293233082707 0.006666666666666667 0.041979949874686714
0 0.39791666666666664 0.30545112781954886 0.018333333333333333 0.03070175438596491
0 0.4089583333333333 0.2932330827067669 0.014583333333333334 0.018796992481203006
0 0.6885416666666667 0.31798245614035087 0.07875 0.07080200501253132
0 0.2914583333333333 0.2916666666666667 0.01625 0.018170426065162906
0 0.07854166666666666 0.28853383458646614 0.012916666666666667 0.02944862155388471
0 0.6960416666666667 0.27130325814536344 0.010416666666666666 0.03634085213032581
0 0.21854166666666666 0.24718045112781956 0.014583333333333334 0.02944862155388471
0 0.7247916666666666 0.24937343358395989 0.03958333333333333 0.12531328320802004
0 0.39708333333333334 0.18358395989974938 0.015 0.022556390977443608
0 0.595 0.2224310776942356 0.024166666666666666 0.10776942355889724
0 0.319375 0.20802005012531327 0.037083333333333336 0.09147869674185463
0 0.140625 0.17418546365914786 0.007916666666666667 0.046365914786967416
0 0.646875 0.17512531328320802 0.00625 0.06328320802005012
0 0.24125 0.12969924812030076 0.025 0.03258145363408521
0 0.41770833333333335 0.11278195488721804 0.022916666666666665 0.03258145363408521
0 0.3958333333333333 0.1143483709273183 0.024166666666666666 0.04949874686716792
0 0.5847916666666667 0.11842105263157894 0.015416666666666667 0.07017543859649122
0 0.29833333333333334 0.08709273182957393 0.015833333333333335 0.021303258145363407
0 0.6114583333333333 0.08991228070175439 0.00875 0.09711779448621553
0 0.5 0.5203634085213033 1.0 0.9592731829573935
0 0.6372916666666667 0.047932330827067667 0.02375 0.021929824561403508
0 0.29083333333333333 0.03070175438596491 0.015833333333333335 0.018796992481203006
0 0.775 0.05952380952380952 0.07916666666666666 0.11904761904761904
0 0.753125 0.021303258145363407 0.03625 0.042606516290726815
0 0.526875 0.017230576441102756 0.042083333333333334 0.03446115288220551
