0 0.274375 0.9783333333333334 0.04625 0.043333333333333335
0 0.92875 0.9508333333333333 0.1425 0.09833333333333333
0 0.9275 0.8616666666666667 0.145 0.08
0 0.5 0.8 0.0475 0.03
0 0.425625 0.8866666666666667 0.85125 0.22666666666666666
0 0.864375 0.7808333333333334 0.03875 0.045
0 0.73375 0.7741666666666667 0.1975 0.065
0 0.48375 0.76 0.055 0.03666666666666667
0 0.39 0.755 0.07 0.02666666666666667
0 0.04625 0.7 0.075 0.05
0 0.150625 0.6916666666666667 0.10625 0.07
0 0.56875 0.6766666666666666 0.0625 0.08333333333333333
