0 0.6768421052631579 0.959070796460177 0.015789473684210527 0.024336283185840708
0 0.6884210526315789 0.9203539823008849 0.024210526315789474 0.0471976401179941
0 0.6881578947368421 0.8797935103244838 0.020526315789473684 0.04129793510324484
0 0.6663157894736842 0.8440265486725663 0.02631578947368421 0.05383480825958702
0 0.585 0.7938790560471977 0.013157894736842105 0.03466076696165192
0 0.5592105263157895 0.790929203539823 0.02157894736842105 0.028761061946902654
0 0.5492105263157895 0.6275811209439528 0.026842105263157896 0.035398230088495575
0 0.7602631578947369 0.6312684365781711 0.03631578947368421 0.09882005899705015
0 0.7984210526315789 0.5855457227138643 0.03263157894736842 0.019174041297935103
0 0.8110526315789474 0.5619469026548672 0.06210526315789474 0.028023598820058997
0 0.6563157894736842 0.5597345132743363 0.016842105263157894 0.02359882005899705
0 0.9507894736842105 0.5877581120943953 0.039473684210526314 0.08112094395280237
0 0.8778947368421053 0.5966076696165191 0.05473684210526316 0.14749262536873156
0 0.4005263157894737 0.5468289085545722 0.03684210526315789 0.06710914454277286
0 0.38342105263157894 0.4823008849557522 0.02368421052631579 0.02359882005899705
0 0.3613157894736842 0.4575958702064897 0.014210526315789474 0.024336283185840708
0 0.3055263157894737 0.4336283185840708 0.05 0.045722713864306784
0 0.15578947368421053 0.400811209439528 0.02 0.03023598820058997
0 0.31842105263157894 0.39601769911504425 0.018947368421052633 0.025073746312684365
0 0.5805263157894737 0.4185103244837758 0.030526315789473683 0.07595870206489676
0 0.4018421052631579 0.42035398230088494 0.06473684210526316 0.11061946902654868
0 0.2863157894736842 0.6640855457227138 0.5726315789473684 0.6718289085545722
0 0.6521052631578947 0.6087758112094396 0.20210526315789473 0.577433628318584
0 0.6734210526315789 0.31305309734513276 0.02894736842105263 0.03466076696165192
0 0.6339473684210526 0.28761061946902655 0.018421052631578946 0.03392330383480826
