0 0.85625 0.8122222222222222 0.055 0.16666666666666666
0 0.938125 0.6688888888888889 0.03875 0.26222222222222225
0 0.736875 0.6044444444444445 0.03875 0.13333333333333333
0 0.790625 0.6822222222222222 0.09625 0.4177777777777778
0 0.679375 0.5877777777777777 0.08625 0.2644444444444444
0 0.943125 0.6288888888888889 0.11375 0.39111111111111113
0 0.45375 0.48444444444444446 0.0875 0.18222222222222223
0 0.516875 0.4077777777777778 0.03625 0.08222222222222222
0 0.18875 0.41 0.05 0.14444444444444443
0 0.608125 0.37333333333333335 0.04125 0.08444444444444445
0 0.68125 0.44222222222222224 0.0875 0.24888888888888888
