0 0.023185483870967742 0.9704301075268817 0.046370967741935484 0.05913978494623656
0 0.24344758064516128 0.9605734767025089 0.04133064516129032 0.07885304659498207
0 0.2404233870967742 0.8942652329749103 0.029233870967741934 0.06093189964157706
0 0.8487903225806451 0.8978494623655914 0.08870967741935484 0.07885304659498207
0 0.28024193548387094 0.7992831541218638 0.03225806451612903 0.08960573476702509
0 0.2595766129032258 0.75 0.03931451612903226 0.08064516129032258
0 0.2817540322580645 0.7204301075268817 0.029233870967741934 0.06451612903225806
0 0.32711693548387094 0.7311827956989247 0.04334677419354839 0.11469534050179211
0 0.13407258064516128 0.05465949820788531 0.056451612903225805 0.03763440860215054
0 0.5 0.5 1.0 1.0
