0 0.8972826086956521 0.8293075684380032 0.020652173913043477 0.0644122383252818
0 0.8201086956521739 0.7777777777777778 0.035869565217391305 0.05152979066022544
0 0.46902173913043477 0.7697262479871175 0.075 0.18357487922705315
0 0.22391304347826088 0.7697262479871175 0.0891304347826087 0.21900161030595813
0 0.7478260869565218 0.6465378421900161 0.041304347826086954 0.10466988727858294
0 0.5842391304347826 0.6884057971014492 0.12934782608695652 0.3462157809983897
0 0.13206521739130433 0.6835748792270532 0.10108695652173913 0.3526570048309179
0 0.35 0.6409017713365539 0.14782608695652175 0.4669887278582931
0 0.0625 0.38164251207729466 0.125 0.14492753623188406
0 0.1673913043478261 0.35104669887278583 0.041304347826086954 0.09339774557165861
0 0.28858695652173916 0.2946859903381642 0.059782608695652176 0.0998389694041868
0 0.0875 0.1932367149758454 0.02717391304347826 0.05475040257648953
0 0.03695652173913044 0.214170692431562 0.07391304347826087 0.14814814814814814
0 0.45652173913043476 0.13687600644122383 0.08478260869565217 0.1288244766505636
