0 0.6698008849557522 0.9950221238938053 0.009402654867256638 0.00995575221238938
0 0.009264380530973452 0.993547197640118 0.018528761061946904 0.012905604719764012
0 0.3405696902654867 0.9880162241887905 0.012997787610619468 0.016592920353982302
0 0.6227876106194691 0.9834070796460177 0.013827433628318585 0.014749262536873156
0 0.5134126106194691 0.9808259587020649 0.009679203539823008 0.011061946902654867
0 0.016039823008849558 0.9738200589970502 0.024889380530973452 0.016224188790560472
0 0.3709900442477876 0.9762168141592921 0.011891592920353982 0.022492625368731565
0 0.6342643805309734 0.9714233038348082 0.007466814159292036 0.015117994100294985
0 0.6794800884955752 0.967551622418879 0.008849557522123894 0.014011799410029498
0 0.671183628318584 0.9658923303834809 0.008849557522123894 0.010693215339233038
0 0.34416482300884954 0.967551622418879 0.007466814159292036 0.01991150442477876
0 0.5446626106194691 0.959070796460177 0.008573008849557522 0.01327433628318584
0 0.6457411504424779 0.9502212389380531 0.00995575221238938 0.008849557522123894
0 0.37555309734513276 0.9649705014749262 0.03595132743362832 0.038348082595870206
0 0.7957688053097345 0.9465339233038348 0.009679203539823008 0.011799410029498525
0 0.7065818584070797 0.9417404129793511 0.00995575221238938 0.009587020648967551
0 0.38951880530973454 0.9474557522123894 0.007466814159292036 0.02101769911504425
0 0.010785398230088495 0.9474557522123894 0.02157079646017699 0.022492625368731565
0 0.37513827433628316 0.9417404129793511 0.009679203539823008 0.012536873156342183
0 0.8339325221238938 0.9406342182890856 0.018528761061946904 0.015486725663716814
0 0.5448008849557522 0.961098820058997 0.08794247787610619 0.0778023598820059
0 0.7303650442477876 0.9334439528023599 0.023230088495575223 0.023230088495575223
0 0.6652378318584071 0.9221976401179941 0.021847345132743362 0.016224188790560472
0 0.8014380530973452 0.9214601769911505 0.01825221238938053 0.015486725663716814
0 0.636200221238938 0.9207227138643068 0.012997787610619468 0.014749262536873156
0 0.6949668141592921 0.9166666666666666 0.00995575221238938 0.011799410029498525
0 0.7737831858407079 0.9540929203539823 0.06913716814159292 0.0918141592920354
0 0.9319690265486725 0.9096607669616519 0.014380530973451327 0.025073746312684365
0 0.040237831858407076 0.8958333333333334 0.009679203539823008 0.012168141592920354
0 0.7788993362831859 0.8956489675516224 0.008573008849557522 0.014749262536873156
0 0.7970132743362832 0.8908554572271387 0.007190265486725664 0.014011799410029498
0 0.5879424778761062 0.8853244837758112 0.016592920353982302 0.014749262536873156
0 0.5023506637168141 0.8932522123893806 0.02350663716814159 0.032079646017699116
0 0.8075221238938053 0.8842182890855457 0.008849557522123894 0.02728613569321534
0 0.7683904867256637 0.8611725663716814 0.009126106194690266 0.00995575221238938
0 0.08158185840707964 0.8580383480825958 0.011061946902654867 0.014749262536873156
0 0.47220685840707965 0.8808997050147492 0.07826327433628319 0.07669616519174041
0 0.054756637168141595 0.8403392330383481 0.00995575221238938 0.01327433628318584
0 0.4647400442477876 0.8285398230088495 0.015210176991150442 0.008112094395280236
0 0.4108130530973451 0.8266961651917404 0.017422566371681415 0.015486725663716814
0 0.02267699115044248 0.8222713864306784 0.02101769911504425 0.025073746312684365
0 0.4469026548672566 0.8137905604719764 0.007190265486725664 0.01327433628318584
0 0.7441924778761062 0.8030973451327433 0.01327433628318584 0.012536873156342183
0 0.10605641592920353 0.8163716814159292 0.04894911504424779 0.05530973451327434
0 0.4199391592920354 0.7898230088495575 0.012997787610619468 0.014011799410029498
0 0.44551991150442477 0.7813421828908554 0.017699115044247787 0.014749262536873156
0 0.4937776548672566 0.7691740412979351 0.009679203539823008 0.009587020648967551
0 0.6879148230088495 0.7688053097345132 0.01631637168141593 0.016224188790560472
0 0.4737278761061947 0.7726769911504425 0.0293141592920354 0.02396755162241888
0 0.4344579646017699 0.763089970501475 0.035398230088495575 0.02396755162241888
0 0.5689988938053098 0.7557153392330384 0.013550884955752213 0.012168141592920354
0 0.6767146017699115 0.7452064896755162 0.014380530973451327 0.018436578171091445
0 0.4600387168141593 0.7405973451327433 0.012997787610619468 0.023230088495575223
0 0.4615597345132743 0.7254793510324484 0.01327433628318584 0.01733038348082596
0 0.443445796460177 0.7216076696165191 0.012444690265486726 0.017699115044247787
0 0.20713495575221239 0.7153392330383481 0.024336283185840708 0.02064896755162242
0 0.6204369469026548 0.7094395280235988 0.008573008849557522 0.015486725663716814
0 0.8537057522123894 0.7144174041297935 0.00663716814159292 0.029867256637168143
0 0.5438329646017699 0.7000368731563422 0.012444690265486726 0.014380530973451327
0 0.9662610619469026 0.6862094395280236 0.007743362831858407 0.011799410029498525
0 0.16772676991150443 0.6851032448377581 0.015210176991150442 0.011061946902654867
0 0.7310564159292036 0.6917404129793511 0.03844026548672566 0.028761061946902654
0 0.24834070796460178 0.8386799410029498 0.45685840707964603 0.3226401179941003
0 0.318445796460177 0.679019174041298 0.008019911504424779 0.00995575221238938
0 0.8156803097345132 0.6755162241887905 0.012444690265486726 0.01032448377581121
0 0.5760508849557522 0.6871312684365781 0.03263274336283186 0.03724188790560472
0 0.7049225663716814 0.6764380530973452 0.02765486725663717 0.021755162241887907
0 0.9540929203539823 0.6729351032448377 0.05143805309734513 0.025073746312684365
0 0.6880530973451328 0.6664823008849557 0.014933628318584071 0.012168141592920354
0 0.9293418141592921 0.6603982300884956 0.01133849557522124 0.008112094395280236
0 0.6764380530973452 0.6603982300884956 0.009402654867256638 0.012536873156342183
0 0.739629424778761 0.6591076696165191 0.011891592920353982 0.012905604719764012
0 0.6710453539823009 0.6521017699115044 0.013550884955752213 0.007743362831858407
0 0.38163716814159293 0.6373525073746312 0.016592920353982302 0.009218289085545723
0 0.9599004424778761 0.6452802359882006 0.08019911504424779 0.05383480825958702
0 0.552129424778761 0.6157817109144543 0.01133849557522124 0.015486725663716814
0 0.4368086283185841 0.6146755162241888 0.013550884955752213 0.019174041297935103
0 0.7641039823008849 0.6463864306784661 0.14491150442477876 0.08849557522123894
0 0.7576050884955752 0.6061946902654868 0.01133849557522124 0.011061946902654867
0 0.2762721238938053 0.605641592920354 0.010508849557522125 0.01364306784660767
0 0.2491703539823009 0.6076696165191741 0.02765486725663717 0.03392330383480826
0 0.6207134955752213 0.5912610619469026 0.06498893805309734 0.03355457227138643
0 0.7217920353982301 0.5532817109144543 0.011061946902654867 0.011430678466076696
0 0.9301714601769911 0.5512536873156342 0.010232300884955753 0.02359882005899705
0 0.9918418141592921 0.5573377581120944 0.01631637168141593 0.04092920353982301
0 0.949391592920354 0.5370575221238938 0.013827433628318585 0.016592920353982302
0 0.6850110619469026 0.5245206489675516 0.01327433628318584 0.012905604719764012
0 0.4430309734513274 0.5153023598820059 0.025442477876106196 0.012905604719764012
0 0.9648783185840708 0.5095870206489675 0.010508849557522125 0.009587020648967551
0 0.6143528761061947 0.5090339233038348 0.020741150442477877 0.01364306784660767
0 0.9316924778761062 0.5025811209439528 0.011615044247787611 0.018436578171091445
0 0.7226216814159292 0.4987094395280236 0.013827433628318585 0.010693215339233038
0 0.41523783185840707 0.5 0.01133849557522124 0.01327433628318584
0 0.9571349557522124 0.4834070796460177 0.011061946902654867 0.01327433628318584
0 0.9735896017699115 0.48322271386430676 0.01686946902654867 0.01733038348082596
0 0.9489767699115044 0.47640117994100295 0.027378318584070797 0.016224188790560472
0 0.9377765486725663 0.450405604719764 0.015486725663716814 0.016592920353982302
0 0.9803650442477876 0.4528023598820059 0.0293141592920354 0.02359882005899705
0 0.9428926991150443 0.4387905604719764 0.010785398230088495 0.009587020648967551
0 0.8137444690265486 0.43731563421828906 0.06664823008849557 0.056784660766961655
0 0.8351769911504425 0.4000737463126844 0.025995575221238937 0.017699115044247787
0 0.28304756637168144 0.3375737463126844 0.012444690265486726 0.011430678466076696
0 0.6720132743362832 0.3281710914454277 0.011061946902654867 0.01696165191740413
0 0.31194690265486724 0.29572271386430676 0.008296460176991151 0.015486725663716814
0 0.6032909292035398 0.5136430678466076 0.45658185840707965 0.48525073746312686
0 0.20976216814159293 0.26733038348082594 0.029037610619469027 0.005162241887905605
0 0.2724004424778761 0.2448377581120944 0.013827433628318585 0.02728613569321534
0 0.7129424778761062 0.24465339233038347 0.011615044247787611 0.051991150442477874
0 0.6186393805309734 0.24317846607669616 0.011061946902654867 0.10951327433628319
0 0.6001106194690266 0.22474188790560473 0.017699115044247787 0.08370206489675516
0 0.7112831858407079 0.07540560471976401 0.010508849557522125 0.012168141592920354
0 0.7813882743362832 0.07890855457227139 0.006913716814159292 0.032448377581120944
0 0.854120575221239 0.032448377581120944 0.009679203539823008 0.009587020648967551
0 0.9771847345132744 0.01991150442477876 0.009126106194690266 0.012536873156342183
0 0.1865320796460177 0.02157079646017699 0.0146570796460177 0.018067846607669618
0 0.2099004424778761 0.0178834808259587 0.011061946902654867 0.012905604719764012
0 0.9810564159292036 0.00663716814159292 0.006360619469026549 0.01327433628318584
0 0.9253318584070797 0.004424778761061947 0.008849557522123894 0.008849557522123894
0 0.906941371681416 0.018805309734513276 0.03290929203539823 0.03761061946902655
0 0.7779314159292036 0.007927728613569322 0.016039823008849558 0.015855457227138645
