0 0.8447265625 0.6691068814055637 0.076171875 0.06442166910688141
0 0.158203125 0.7210834553440703 0.119140625 0.17423133235724744
0 0.859375 0.5966325036603221 0.037109375 0.07174231332357248
0 0.02001953125 0.4816983894582723 0.0400390625 0.06442166910688141
0 0.8359375 0.2518301610541728 0.041015625 0.043923865300146414
0 0.87060546875 0.2445095168374817 0.0263671875 0.07320644216691069
0 0.84130859375 0.2027818448023426 0.0341796875 0.048316251830161056
0 0.208984375 0.23792093704245973 0.107421875 0.15080527086383602
0 0.60888671875 0.17423133235724744 0.0439453125 0.07320644216691069
0 0.865234375 0.16471449487554904 0.046875 0.07759882869692533
0 0.8837890625 0.034407027818448024 0.095703125 0.06881405563689605
0 0.5234375 0.44875549048316254 0.953125 0.8975109809663251
