0 0.05136986301369863 0.7604602510460251 0.10273972602739725 0.29497907949790797
0 0.11575342465753424 0.7175732217573222 0.14931506849315068 0.3263598326359833
0 0.03356164383561644 0.4989539748953975 0.06712328767123288 0.14853556485355648
0 0.32123287671232875 0.3912133891213389 0.031506849315068496 0.07531380753138076
0 0.39794520547945206 0.28870292887029286 0.056164383561643834 0.1799163179916318
0 0.11438356164383562 0.34414225941422594 0.17945205479452056 0.3200836820083682
0 0.3136986301369863 0.2102510460251046 0.06301369863013699 0.23640167364016737
0 0.1952054794520548 0.11715481171548117 0.1 0.2301255230125523
0 0.9568493150684931 0.3263598326359833 0.0863013698630137 0.6527196652719666
0 0.8746575342465753 0.20397489539748953 0.1 0.40794979079497906
0 0.7732876712328767 0.06276150627615062 0.026027397260273973 0.12552301255230125
0 0.5 0.5 1.0 1.0
0 0.47328767123287674 0.2280334728033473 0.10273972602739725 0.4560669456066946
