0 0.425048828125 0.9258040935672515 0.02783203125 0.0445906432748538
0 0.47021484375 0.9115497076023392 0.0712890625 0.06871345029239766
0 0.819580078125 0.8450292397660819 0.01611328125 0.027777777777777776
0 0.9384765625 0.8421052631578947 0.0205078125 0.027777777777777776
0 0.752197265625 0.8417397660818714 0.02001953125 0.027046783625730993
0 0.966552734375 0.8198099415204678 0.03271484375 0.041666666666666664
0 0.065185546875 0.7876461988304093 0.01416015625 0.04312865497076023
0 0.0751953125 0.7006578947368421 0.0087890625 0.046052631578947366
0 0.3193359375 0.5069444444444444 0.0126953125 0.02412280701754386
0 0.981201171875 0.5394736842105263 0.03759765625 0.13742690058479531
0 0.9736328125 0.4276315789473684 0.0244140625 0.059941520467836254
0 0.22607421875 0.6970029239766082 0.4521484375 0.6001461988304093
0 0.590087890625 0.39546783625730997 0.02392578125 0.02046783625730994
0 0.61376953125 0.3790204678362573 0.01953125 0.046052631578947366
0 0.67822265625 0.623172514619883 0.3349609375 0.6103801169590644
0 0.899169921875 0.4923245614035088 0.07861328125 0.4027777777777778
