0 0.4920886075949367 0.9741561181434599 0.13354430379746834 0.05168776371308017
0 0.519620253164557 0.9361814345991561 0.07848101265822785 0.043248945147679324
0 0.6705696202531646 0.9008438818565401 0.03481012658227848 0.04430379746835443
0 0.5765822784810126 0.8776371308016878 0.09240506329113925 0.0949367088607595
0 0.7420886075949367 0.830168776371308 0.022151898734177215 0.03375527426160337
0 0.7088607594936709 0.7979957805907173 0.024050632911392405 0.017932489451476793
0 0.6680379746835443 0.8370253164556962 0.10569620253164556 0.11075949367088607
0 0.8329113924050633 0.6809071729957806 0.04050632911392405 0.05590717299578059
0 0.8031645569620253 0.4704641350210971 0.08354430379746836 0.1160337552742616
0 0.47151898734177217 0.48364978902953587 0.9430379746835443 0.9672995780590717
