0 0.0773542600896861 0.8108728943338438 0.1547085201793722 0.09647779479326186
0 0.40022421524663676 0.8085758039816233 0.12331838565022421 0.13782542113323124
0 0.24663677130044842 0.8047473200612557 0.13452914798206278 0.13935681470137826
0 0.35538116591928254 0.7588055130168453 0.0515695067264574 0.06584992343032159
0 0.5840807174887892 0.7978560490045942 0.2040358744394619 0.16232771822358347
0 0.39349775784753366 0.7174578866768759 0.11434977578475336 0.026033690658499236
0 0.21748878923766815 0.6018376722817764 0.06278026905829596 0.18376722817764166
0 0.17152466367713004 0.6026033690658499 0.07847533632286996 0.18529862174578868
0 0.25672645739910316 0.599540581929556 0.06053811659192825 0.18529862174578868
0 0.3015695067264574 0.5972434915773354 0.06053811659192825 0.18683001531393567
0 0.34977578475336324 0.5949464012251149 0.05829596412556054 0.1883614088820827
0 0.4103139013452915 0.5911179173047473 0.07623318385650224 0.19295558958652373
0 0.08071748878923767 0.055130168453292494 0.16143497757847533 0.09494640122511486
0 0.5 0.4387442572741195 1.0 0.877488514548239
