0 0.7359375 0.9064814814814814 0.030208333333333334 0.053703703703703705
0 0.803125 0.8925925925925926 0.05416666666666667 0.08148148148148149
0 0.8692708333333333 0.8833333333333333 0.065625 0.08888888888888889
0 0.6348958333333333 0.8861111111111111 0.071875 0.12777777777777777
0 0.159375 0.7898148148148149 0.029166666666666667 0.09074074074074075
0 0.21927083333333333 0.7472222222222222 0.042708333333333334 0.05
0 0.47604166666666664 0.7407407407407407 0.03333333333333333 0.06666666666666667
0 0.8135416666666667 0.7472222222222222 0.022916666666666665 0.11296296296296296
0 0.2864583333333333 0.7398148148148148 0.05416666666666667 0.11296296296296296
0 0.365625 0.6277777777777778 0.029166666666666667 0.05925925925925926
0 0.6723958333333333 0.649074074074074 0.03854166666666667 0.12407407407407407
0 0.28020833333333334 0.6222222222222222 0.027083333333333334 0.08518518518518518
0 0.6473958333333333 0.6129629629629629 0.034375 0.08148148148148149
0 0.484375 0.612037037037037 0.020833333333333332 0.08703703703703704
0 0.5697916666666667 0.5879629629629629 0.15 0.1574074074074074
0 0.18072916666666666 0.6416666666666667 0.14479166666666668 0.31296296296296294
0 0.865625 0.587037037037037 0.10625 0.2518518518518518
0 0.6734375 0.475 0.040625 0.05
0 0.4901041666666667 0.25 0.771875 0.5
