0 0.8810526315789474 0.8886255924170616 0.07263157894736842 0.053712480252764615
0 0.8326315789473684 0.8507109004739336 0.04105263157894737 0.04265402843601896
0 0.9255263157894736 0.8372827804107424 0.02157894736842105 0.036334913112164295
0 0.635 0.7266982622432859 0.05421052631578947 0.06951026856240126
0 0.5836842105263158 0.6923380726698263 0.023157894736842106 0.04344391785150079
0 0.6702631578947369 0.6812796208530806 0.020526315789473684 0.02764612954186414
0 0.6402631578947369 0.674565560821485 0.017368421052631578 0.02843601895734597
0 0.5568421052631579 0.6034755134281201 0.016842105263157894 0.036334913112164295
0 0.04710526315789473 0.5963665086887836 0.02157894736842105 0.036334913112164295
0 0.06894736842105263 0.7207740916271722 0.13789473684210526 0.29936808846761453
0 0.03 0.5509478672985783 0.011578947368421053 0.03238546603475513
0 0.04342105263157895 0.4119273301737757 0.025789473684210525 0.02448657187993681
0 0.021842105263157895 0.41113744075829384 0.04368421052631579 0.04186413902053712
0 0.0818421052631579 0.40165876777251186 0.019473684210526317 0.02448657187993681
0 0.23342105263157895 0.38270142180094785 0.035263157894736843 0.045023696682464455
0 0.3542105263157895 0.12006319115323855 0.017894736842105262 0.017377567140600316
0 0.9818421052631578 0.09518167456556083 0.01631578947368421 0.02132701421800948
0 0.28289473684210525 0.1583728278041074 0.04052631578947368 0.19826224328593997
0 0.8544736842105263 0.42101105845181674 0.2910526315789474 0.7804107424960506
0 0.2844736842105263 0.04541864139020537 0.024736842105263158 0.03238546603475513
0 0.4868421052631579 0.4561611374407583 0.6621052631578948 0.9123222748815166
