0 0.62625 0.9615384615384616 0.07583333333333334 0.07692307692307693
0 0.6008333333333333 0.9218362282878412 0.028333333333333332 0.03722084367245657
0 0.47791666666666666 0.8976426799007444 0.0475 0.09801488833746898
0 0.50125 0.771712158808933 0.2425 0.2679900744416873
0 0.48625 0.6284119106699751 0.08583333333333333 0.033498759305210915
0 0.2991666666666667 0.7779156327543424 0.11 0.34739454094292804
0 0.9583333333333334 0.5812655086848635 0.08333333333333333 0.011166253101736972
0 0.5908333333333333 0.5477667493796526 0.05333333333333334 0.060794044665012405
0 0.26666666666666666 0.40818858560794047 0.04 0.034739454094292806
0 0.0325 0.2853598014888337 0.065 0.10173697270471464
0 0.5020833333333333 0.5 0.9958333333333333 1.0
