0 0.7663157894736842 0.9786729857819905 0.022105263157894735 0.04265402843601896
0 0.6497368421052632 0.9652448657187994 0.034210526315789476 0.0315955766192733
0 0.06315789473684211 0.8578199052132701 0.034736842105263156 0.06635071090047394
0 0.9910526315789474 0.6153238546603476 0.017894736842105262 0.04739336492890995
0 0.7947368421052632 0.2717219589257504 0.014736842105263158 0.022116903633491312
0 0.6510526315789473 0.23104265402843602 0.014736842105263158 0.03712480252764613
0 0.9494736842105264 0.1627172195892575 0.024210526315789474 0.03317535545023697
0 0.9034210526315789 0.18325434439178515 0.09210526315789473 0.18325434439178515
0 0.5 0.5217219589257504 1.0 0.9565560821484992
0 0.8415789473684211 0.06398104265402843 0.06210526315789474 0.09794628751974724
