0 0.6592133620689655 0.9963631465517241 0.013110632183908046 0.007273706896551724
0 0.6222162356321839 0.9954202586206896 0.005926724137931034 0.007543103448275862
0 0.26068606321839083 0.9946120689655172 0.006645114942528735 0.010775862068965518
0 0.6448455459770115 0.9873383620689655 0.010596264367816091 0.011853448275862068
0 0.6021012931034483 0.9841056034482759 0.012751436781609195 0.014008620689655173
0 0.6423311781609196 0.9796605603448276 0.009877873563218391 0.01050646551724138
0 0.2896012931034483 0.9753502155172413 0.004849137931034483 0.01050646551724138
0 0.24479166666666666 0.9806034482758621 0.016522988505747127 0.02101293103448276
0 0.1392780172413793 0.9783135775862069 0.007004310344827586 0.016433189655172414
0 0.21632543103448276 0.9834321120689655 0.017061781609195404 0.02774784482758621
0 0.6298491379310345 0.974676724137931 0.014727011494252873 0.015625
0 0.6614583333333334 0.9768318965517241 0.020474137931034482 0.025323275862068964
0 0.6160201149425287 0.9729256465517241 0.016163793103448277 0.0234375
0 0.18265086206896552 0.9653825431034483 0.009698275862068966 0.012122844827586207
0 0.8191451149425287 0.9617456896551724 0.005747126436781609 0.009159482758620689
0 0.634069683908046 0.959051724137931 0.008441091954022989 0.014547413793103448
0 0.15993175287356323 0.9601293103448276 0.013469827586206896 0.01670258620689655
0 0.7074353448275862 0.9544719827586207 0.007902298850574713 0.005926724137931034
0 0.8771551724137931 0.959051724137931 0.014367816091954023 0.02101293103448276
0 0.21883979885057472 0.9520474137931034 0.007004310344827586 0.010237068965517241
0 0.1499640804597701 0.9524515086206896 0.010057471264367816 0.011045258620689655
0 0.7347341954022989 0.9559536637931034 0.016522988505747127 0.020204741379310345
0 0.7256645114942529 0.9490840517241379 0.0077227011494252875 0.010775862068965518
0 0.8191451149425287 0.94921875 0.008620689655172414 0.012661637931034482
0 0.7023168103448276 0.9481411637931034 0.010955459770114943 0.01804956896551724
0 0.7156968390804598 0.9430226293103449 0.009339080459770116 0.008351293103448275
0 0.6349676724137931 0.94140625 0.004130747126436782 0.011045258620689655
0 0.1377514367816092 0.9428879310344828 0.013649425287356323 0.018857758620689655
0 0.9014906609195402 0.9462553879310345 0.02029454022988506 0.03259698275862069
0 0.6994432471264368 0.9304956896551724 0.0077227011494252875 0.008081896551724138
0 0.8264188218390804 0.9586476293103449 0.05549568965517242 0.08270474137931035
0 0.7778376436781609 0.92578125 0.005747126436781609 0.01697198275862069
0 0.7142600574712644 0.9288793103448276 0.021910919540229886 0.023706896551724137
0 0.6911817528735632 0.9221443965517241 0.004489942528735632 0.010775862068965518
0 0.6285919540229885 0.9245689655172413 0.007543103448275862 0.01670258620689655
0 0.6214080459770115 0.9229525862068966 0.006824712643678161 0.014008620689655173
0 0.1997126436781609 0.9186422413793104 0.005747126436781609 0.009159482758620689
0 0.055854885057471264 0.9217403017241379 0.01903735632183908 0.015355603448275862
0 0.1534662356321839 0.9181034482758621 0.006645114942528735 0.011314655172413793
0 0.6649604885057471 0.9167564655172413 0.006645114942528735 0.010775862068965518
0 0.6401760057471264 0.9147359913793104 0.005567528735632184 0.0078125
0 0.6576867816091954 0.9191810344827587 0.00610632183908046 0.018857758620689655
0 0.6020114942528736 0.9174299568965517 0.008979885057471264 0.01697198275862069
0 0.05495689655172414 0.9128502155172413 0.00610632183908046 0.008351293103448275
0 0.6507722701149425 0.9112338362068966 0.0073635057471264365 0.013200431034482759
0 0.13290229885057472 0.9092133620689655 0.010057471264367816 0.010775862068965518
0 0.6283225574712644 0.9073275862068966 0.012392241379310345 0.01670258620689655
0 0.6131465517241379 0.9044989224137931 0.014008620689655173 0.023976293103448277
0 0.1263469827586207 0.9014008620689655 0.018857758620689655 0.01993534482758621
0 0.6338002873563219 0.8894127155172413 0.014008620689655173 0.017510775862068964
0 0.6611889367816092 0.880792025862069 0.00951867816091954 0.01050646551724138
0 0.6722341954022989 0.9166217672413793 0.054238505747126436 0.08970905172413793
0 0.09931752873563218 0.8822737068965517 0.023706896551724137 0.02693965517241379
0 0.14834770114942528 0.8743265086206896 0.021910919540229886 0.020204741379310345
0 0.6439475574712644 0.8814655172413793 0.019216954022988505 0.03609913793103448
0 0.1974676724137931 0.8674568965517241 0.005567528735632184 0.015086206896551725
0 0.09258261494252873 0.8700161637931034 0.028556034482758622 0.02882543103448276
0 0.5968031609195402 0.8635506465517241 0.031609195402298854 0.02882543103448276
0 0.16531968390804597 0.8580280172413793 0.00951867816091954 0.018318965517241378
0 0.8636853448275862 0.8515625 0.01329022988505747 0.01293103448275862
0 0.08494971264367816 0.8475215517241379 0.00646551724137931 0.008620689655172414
0 0.6244612068965517 0.8483297413793104 0.008620689655172414 0.011853448275862068
0 0.6377514367816092 0.8450969827586207 0.007543103448275862 0.008620689655172414
0 0.7243175287356322 0.8503502155172413 0.017600574712643677 0.021282327586206896
0 0.8494971264367817 0.8387661637931034 0.00646551724137931 0.006196120689655173
0 0.20339439655172414 0.8375538793103449 0.0077227011494252875 0.012392241379310345
0 0.6245510057471264 0.8364762931034483 0.005208333333333333 0.013469827586206896
0 0.6611889367816092 0.8410560344827587 0.02209051724137931 0.02586206896551724
0 0.15032327586206898 0.8292025862068966 0.00610632183908046 0.008081896551724138
0 0.6077586206896551 0.8275862068965517 0.006824712643678161 0.010237068965517241
0 0.8514727011494253 0.8250269396551724 0.008620689655172414 0.011045258620689655
0 0.665319683908046 0.822332974137931 0.0073635057471264365 0.012122844827586207
0 0.6924389367816092 0.8429418103448276 0.06950431034482758 0.06842672413793104
0 0.1760955459770115 0.8219288793103449 0.023527298850574713 0.03286637931034483
0 0.16514008620689655 0.8095366379310345 0.007004310344827586 0.009159482758620689
0 0.12975933908045978 0.8131734913793104 0.036458333333333336 0.01912715517241379
0 0.1567887931034483 0.8071120689655172 0.006824712643678161 0.008081896551724138
0 0.6414331896551724 0.8192349137931034 0.010596264367816091 0.0334051724137931
0 0.22844827586206898 0.8080549568965517 0.010057471264367816 0.011045258620689655
0 0.8974497126436781 0.8060344827586207 0.007902298850574713 0.01293103448275862
0 0.8706896551724138 0.806573275862069 0.024066091954022987 0.02209051724137931
0 0.1497844827586207 0.8010506465517241 0.008620689655172414 0.011045258620689655
0 0.19118175287356323 0.7897359913793104 0.0073635057471264365 0.008890086206896552
0 0.657507183908046 0.7933728448275862 0.017241379310344827 0.01993534482758621
0 0.21075790229885058 0.7960668103448276 0.025323275862068964 0.02586206896551724
0 0.17591594827586207 0.7846174568965517 0.008441091954022989 0.014816810344827586
0 0.18444683908045978 0.7835398706896551 0.010416666666666666 0.013200431034482759
0 0.1221264367816092 0.7809806034482759 0.010775862068965518 0.020474137931034482
0 0.8942169540229885 0.7718211206896551 0.00610632183908046 0.009698275862068966
0 0.6742995689655172 0.7718211206896551 0.005208333333333333 0.009698275862068966
0 0.3550646551724138 0.771417025862069 0.005747126436781609 0.011584051724137932
0 0.14646192528735633 0.7691271551724138 0.012751436781609195 0.010775862068965518
0 0.3140265804597701 0.7688577586206896 0.014188218390804598 0.015086206896551725
0 0.12607758620689655 0.7592941810344828 0.008261494252873564 0.008890086206896552
0 0.6831896551724138 0.7592941810344828 0.014367816091954023 0.021821120689655173
0 0.34617456896551724 0.7571390086206896 0.01598419540229885 0.018588362068965518
0 0.3230962643678161 0.752020474137931 0.006824712643678161 0.01050646551724138
0 0.15095186781609196 0.7510775862068966 0.00951867816091954 0.010775862068965518
0 0.3333333333333333 0.7530980603448276 0.011135057471264368 0.017510775862068964
0 0.11763649425287356 0.7487877155172413 0.015445402298850575 0.013200431034482759
0 0.23751795977011494 0.7529633620689655 0.027119252873563218 0.02209051724137931
0 0.19495330459770116 0.7455549568965517 0.008081896551724138 0.011584051724137932
0 0.2025862068965517 0.7541756465517241 0.022270114942528736 0.030980603448275863
0 0.3027119252873563 0.7458243534482759 0.013469827586206896 0.015894396551724137
0 0.17699353448275862 0.7498653017241379 0.02783764367816092 0.02774784482758621
0 0.9137033045977011 0.7487877155172413 0.0163433908045977 0.02774784482758621
0 0.8461745689655172 0.7376077586206896 0.013829022988505748 0.013469827586206896
0 0.23626077586206898 0.7358566810344828 0.010955459770114943 0.009967672413793104
0 0.8555136494252874 0.7389547413793104 0.008441091954022989 0.018318965517241378
0 0.25736350574712646 0.7372036637931034 0.01903735632183908 0.014816810344827586
0 0.8625179597701149 0.7354525862068966 0.006645114942528735 0.015625
0 0.12455100574712644 0.7312769396551724 0.008800287356321839 0.01050646551724138
0 0.14089439655172414 0.7288523706896551 0.010596264367816091 0.011584051724137932
0 0.19692887931034483 0.7218480603448276 0.006285919540229885 0.009967672413793104
0 0.3213900862068966 0.7289870689655172 0.03466235632183908 0.02693965517241379
0 0.35919540229885055 0.7300646551724138 0.035919540229885055 0.03017241379310345
0 0.9566271551724138 0.7223868534482759 0.012033045977011493 0.015355603448275862
0 0.38415948275862066 0.7202316810344828 0.017600574712643677 0.014278017241379311
0 0.3379130747126437 0.7199622844827587 0.013110632183908046 0.016433189655172414
0 0.03681752873563218 0.712823275862069 0.01293103448275862 0.007543103448275862
0 0.2775682471264368 0.7144396551724138 0.0073635057471264365 0.011314655172413793
0 0.23904454022988506 0.7118803879310345 0.005387931034482759 0.009428879310344827
0 0.3582974137931034 0.7117456896551724 0.005747126436781609 0.010237068965517241
0 0.24479166666666666 0.7165948275862069 0.020474137931034482 0.024245689655172414
0 0.37993893678160917 0.7086476293103449 0.008081896551724138 0.009428879310344827
0 0.7383261494252874 0.7087823275862069 0.008261494252873564 0.013469827586206896
0 0.8514727011494253 0.7116109913793104 0.014727011494252873 0.02235991379310345
0 0.22126436781609196 0.7223868534482759 0.027298850574712645 0.049299568965517244
0 0.2744252873563218 0.6978717672413793 0.006824712643678161 0.009967672413793104
0 0.3428520114942529 0.7013739224137931 0.02586206896551724 0.017510775862068964
0 0.4046336206896552 0.6953125 0.005747126436781609 0.009698275862068966
0 0.868444683908046 0.6927532327586207 0.008441091954022989 0.009428879310344827
0 0.38820043103448276 0.6910021551724138 0.008441091954022989 0.007004310344827586
0 0.3962823275862069 0.6927532327586207 0.0073635057471264365 0.011584051724137932
0 0.3819145114942529 0.6891163793103449 0.006285919540229885 0.011314655172413793
0 0.35201149425287354 0.6866918103448276 0.006824712643678161 0.010237068965517241
0 0.3266882183908046 0.6951778017241379 0.04274425287356322 0.0390625
0 0.3661099137931034 0.6884428879310345 0.01670258620689655 0.026131465517241378
0 0.9471084770114943 0.6609644396551724 0.006285919540229885 0.006734913793103448
0 0.8868534482758621 0.6823814655172413 0.0668103448275862 0.05980603448275862
0 0.5989583333333334 0.6477640086206896 0.010057471264367816 0.009967672413793104
0 0.5287356321839081 0.6558459051724138 0.03017241379310345 0.030441810344827586
0 0.9409123563218391 0.6438577586206896 0.007183908045977011 0.007004310344827586
0 0.9150502873563219 0.6460129310344828 0.007183908045977011 0.011314655172413793
0 0.9011314655172413 0.6414331896551724 0.008800287356321839 0.010237068965517241
0 0.5290050287356322 0.6351023706896551 0.004849137931034483 0.014816810344827586
0 0.9545617816091954 0.6311961206896551 0.011494252873563218 0.011314655172413793
0 0.5415768678160919 0.6256734913793104 0.013110632183908046 0.017510775862068964
0 0.2535021551724138 0.6169181034482759 0.014188218390804598 0.008620689655172414
0 0.5901580459770115 0.6287715517241379 0.023706896551724137 0.03286637931034483
0 0.5708512931034483 0.6142241379310345 0.008081896551724138 0.007543103448275862
0 0.8823635057471264 0.6144935344827587 0.007902298850574713 0.008620689655172414
0 0.3679058908045977 0.6154364224137931 0.009159482758620689 0.012122844827586207
0 0.2803520114942529 0.6138200431034483 0.009339080459770116 0.014816810344827586
0 0.34141522988505746 0.6064116379310345 0.016522988505747127 0.009698275862068966
0 0.3535380747126437 0.6047952586206896 0.006645114942528735 0.007543103448275862
0 0.3152837643678161 0.6029094827586207 0.02101293103448276 0.011314655172413793
0 0.4034662356321839 0.603448275862069 0.013110632183908046 0.021551724137931036
0 0.42627514367816094 0.591864224137931 0.012033045977011493 0.009159482758620689
0 0.26535560344827586 0.5882273706896551 0.005926724137931034 0.008351293103448275
0 0.3641343390804598 0.5889008620689655 0.005208333333333333 0.014008620689655173
0 0.9902119252873564 0.5814924568965517 0.0073635057471264365 0.011584051724137932
0 0.23428520114942528 0.5829741379310345 0.017780172413793104 0.018857758620689655
0 0.25233477011494254 0.5789331896551724 0.019755747126436782 0.014547413793103448
0 0.4324712643678161 0.5726023706896551 0.010057471264367816 0.012122844827586207
0 0.3702406609195402 0.5701778017241379 0.008800287356321839 0.007273706896551724
0 0.24910201149425287 0.5709859913793104 0.00646551724137931 0.009967672413793104
0 0.2711925287356322 0.5709859913793104 0.022988505747126436 0.026131465517241378
0 0.41576867816091956 0.5603448275862069 0.005747126436781609 0.008620689655172414
0 0.34698275862068967 0.5618265086206896 0.008261494252873564 0.012122844827586207
0 0.3332435344827586 0.5639816810344828 0.015625 0.016433189655172414
0 0.9885057471264368 0.560479525862069 0.010057471264367816 0.014278017241379311
0 0.29454022988505746 0.5665409482758621 0.03843390804597701 0.030711206896551723
0 0.9794360632183908 0.5548221982758621 0.008081896551724138 0.009428879310344827
0 0.9703663793103449 0.5518588362068966 0.005387931034482759 0.01050646551724138
0 0.3352191091954023 0.5501077586206896 0.006285919540229885 0.007004310344827586
0 0.444683908045977 0.5511853448275862 0.01257183908045977 0.020474137931034482
0 0.6060524425287356 0.5460668103448276 0.0077227011494252875 0.012392241379310345
0 0.2881645114942529 0.5412176724137931 0.008441091954022989 0.007004310344827586
0 0.6883081896551724 0.5440463362068966 0.009877873563218391 0.016433189655172414
0 0.9920977011494253 0.5417564655172413 0.01329022988505747 0.01293103448275862
0 0.22566451149425287 0.5431034482758621 0.009877873563218391 0.018857758620689655
0 0.47772988505747127 0.5517241379310345 0.054238505747126436 0.03879310344827586
0 0.6610093390804598 0.5352909482758621 0.010596264367816091 0.009159482758620689
0 0.30450790229885055 0.5347521551724138 0.007004310344827586 0.009698275862068966
0 0.21560704022988506 0.5359644396551724 0.007004310344827586 0.013200431034482759
0 0.1995330459770115 0.5339439655172413 0.007183908045977011 0.009698275862068966
0 0.23105244252873564 0.5316540948275862 0.009159482758620689 0.011045258620689655
0 0.41487068965517243 0.5319234913793104 0.007543103448275862 0.015894396551724137
0 0.6329022988505747 0.5285560344827587 0.011494252873563218 0.009698275862068966
0 0.3989762931034483 0.5258620689655172 0.008800287356321839 0.005926724137931034
0 0.28376436781609193 0.5269396551724138 0.011494252873563218 0.008081896551724138
0 0.6066810344827587 0.5257273706896551 0.009339080459770116 0.011584051724137932
0 0.29247485632183906 0.5233028017241379 0.008800287356321839 0.009967672413793104
0 0.16855244252873564 0.5234375 0.009159482758620689 0.010237068965517241
0 0.5983297413793104 0.5218211206896551 0.008441091954022989 0.008081896551724138
0 0.5193965517241379 0.5239762931034483 0.005747126436781609 0.013469827586206896
0 0.548132183908046 0.5183189655172413 0.008620689655172414 0.010775862068965518
0 0.24209770114942528 0.5210129310344828 0.014008620689655173 0.016163793103448277
0 0.42627514367816094 0.517510775862069 0.005926724137931034 0.010237068965517241
0 0.5129310344827587 0.5198006465517241 0.010057471264367816 0.01966594827586207
0 0.6466415229885057 0.5082165948275862 0.007004310344827586 0.013200431034482759
0 0.1931573275862069 0.5053879310344828 0.008441091954022989 0.008081896551724138
0 0.6498742816091954 0.5168372844827587 0.03358477011494253 0.03151939655172414
0 0.20545977011494254 0.5041756465517241 0.010057471264367816 0.009428879310344827
0 0.6264367816091954 0.5037715517241379 0.010057471264367816 0.009159482758620689
0 0.27209051724137934 0.5119881465517241 0.039511494252873564 0.026131465517241378
0 0.2387751436781609 0.5004040948275862 0.0073635057471264365 0.006734913793103448
0 0.5745330459770115 0.5107758620689655 0.027298850574712645 0.028017241379310345
0 0.6144935344827587 0.502020474137931 0.008081896551724138 0.012661637931034482
0 0.6047054597701149 0.4995959051724138 0.009339080459770116 0.015355603448275862
0 0.5588182471264368 0.4956896551724138 0.010955459770114943 0.013469827586206896
0 0.5321479885057471 0.49366918103448276 0.015804597701149427 0.01966594827586207
0 0.2621228448275862 0.48464439655172414 0.010596264367816091 0.007543103448275862
0 0.2442528735632184 0.4917834051724138 0.035919540229885055 0.0369073275862069
0 0.9815912356321839 0.47979525862068967 0.011314655172413793 0.013469827586206896
0 0.9853627873563219 0.4682112068965517 0.014906609195402298 0.014547413793103448
0 0.33045977011494254 0.4753502155172414 0.017600574712643677 0.03421336206896552
0 0.27523347701149425 0.45622306034482757 0.017780172413793104 0.01804956896551724
0 0.992816091954023 0.44612068965517243 0.010416666666666666 0.010237068965517241
0 0.2979525862068966 0.4430226293103448 0.023347701149425287 0.01697198275862069
0 0.028017241379310345 0.42834051724137934 0.008620689655172414 0.01293103448275862
0 0.9946120689655172 0.42941810344827586 0.010775862068965518 0.016163793103448277
0 0.06627155172413793 0.4213362068965517 0.007183908045977011 0.007543103448275862
0 0.07965158045977011 0.39035560344827586 0.028556034482758622 0.041487068965517244
0 0.13891882183908047 0.37365301724137934 0.0077227011494252875 0.008620689655172414
0 0.9975754310344828 0.3174838362068966 0.004849137931034483 0.009967672413793104
0 0.17717313218390804 0.061826508620689655 0.005926724137931034 0.01050646551724138
0 0.5305316091954023 0.5 0.9389367816091954 1.0
