0 0.6177777777777778 0.9914529914529915 0.009444444444444445 0.017094017094017096
0 0.6204166666666666 0.9586894586894587 0.019166666666666665 0.03361823361823362
0 0.6086111111111111 0.9555555555555556 0.0077777777777777776 0.03076923076923077
0 0.6223611111111111 0.931054131054131 0.009166666666666667 0.02849002849002849
0 0.7997222222222222 0.9185185185185185 0.012777777777777779 0.02507122507122507
0 0.6398611111111111 0.9128205128205128 0.009722222222222222 0.014814814814814815
0 0.5513888888888889 0.905982905982906 0.02388888888888889 0.017094017094017096
0 0.3258333333333333 0.905982905982906 0.010555555555555556 0.017094017094017096
0 0.4351388888888889 0.9068376068376068 0.006944444444444444 0.021082621082621083
0 0.6295833333333334 0.8991452991452992 0.010277777777777778 0.017094017094017096
0 0.4975 0.9028490028490028 0.014444444444444444 0.035897435897435895
0 0.6098611111111111 0.8783475783475784 0.015833333333333335 0.018803418803418803
0 0.3140277777777778 0.8735042735042735 0.0125 0.015954415954415956
0 0.6451388888888889 0.872079772079772 0.01138888888888889 0.019943019943019943
0 0.58 0.8683760683760684 0.011111111111111112 0.018233618233618232
0 0.4398611111111111 0.8740740740740741 0.015833333333333335 0.046723646723646726
0 0.31972222222222224 0.8481481481481481 0.013888888888888888 0.017663817663817662
0 0.5548611111111111 0.8441595441595442 0.014722222222222222 0.016524216524216526
0 0.5344444444444445 0.8484330484330485 0.013333333333333334 0.03076923076923077
0 0.4384722222222222 0.8387464387464387 0.011944444444444445 0.022792022792022793
0 0.27541666666666664 0.8376068376068376 0.011944444444444445 0.02962962962962963
0 0.5790277777777778 0.8279202279202279 0.006944444444444444 0.018233618233618232
0 0.6648611111111111 0.8324786324786325 0.010277777777777778 0.02849002849002849
0 0.5123611111111112 0.8287749287749288 0.009722222222222222 0.023361823361823363
0 0.40708333333333335 0.8185185185185185 0.013055555555555556 0.022222222222222223
0 0.57 0.8156695156695156 0.013888888888888888 0.02564102564102564
0 0.4240277777777778 0.8074074074074075 0.024722222222222222 0.021652421652421653
0 0.8502777777777778 0.8017094017094017 0.01 0.017094017094017096
0 0.32972222222222225 0.7994301994301994 0.010555555555555556 0.015954415954415956
0 0.4623611111111111 0.801994301994302 0.014166666666666666 0.023361823361823363
0 0.5013888888888889 0.7951566951566952 0.013888888888888888 0.011965811965811967
0 0.13111111111111112 0.8133903133903134 0.018333333333333333 0.04957264957264957
0 0.275 0.7974358974358975 0.021111111111111112 0.022222222222222223
0 0.31625 0.7911680911680912 0.015277777777777777 0.03133903133903134
0 0.44472222222222224 0.7868945868945869 0.012777777777777779 0.023931623931623933
0 0.14527777777777778 0.7982905982905983 0.01888888888888889 0.04786324786324787
0 0.2791666666666667 0.7774928774928775 0.017222222222222222 0.019943019943019943
0 0.29791666666666666 0.7763532763532763 0.010277777777777778 0.0245014245014245
0 0.8055555555555556 0.8319088319088319 0.08833333333333333 0.13675213675213677
0 0.5754166666666667 0.7743589743589744 0.009722222222222222 0.02621082621082621
0 0.3713888888888889 0.7678062678062678 0.011666666666666667 0.015384615384615385
0 0.8480555555555556 0.7461538461538462 0.011111111111111112 0.011965811965811967
0 0.44069444444444444 0.7532763532763532 0.024166666666666666 0.039886039886039885
0 0.6695833333333333 0.7897435897435897 0.08194444444444444 0.12421652421652421
0 0.3655555555555556 0.7339031339031339 0.02277777777777778 0.03304843304843305
0 0.4072222222222222 0.7256410256410256 0.014444444444444444 0.022222222222222223
0 0.46041666666666664 0.7413105413105413 0.028055555555555556 0.05584045584045584
0 0.3229166666666667 0.7364672364672364 0.03805555555555556 0.05413105413105413
0 0.5534722222222223 0.7868945868945869 0.14916666666666667 0.15840455840455842
0 0.24125 0.7384615384615385 0.13305555555555557 0.06495726495726496
0 0.7366666666666667 0.7353276353276353 0.27055555555555555 0.06894586894586895
0 0.44055555555555553 0.6917378917378917 0.005555555555555556 0.023931623931623933
0 0.44930555555555557 0.6005698005698006 0.023055555555555555 0.02962962962962963
0 0.6897222222222222 0.5897435897435898 0.017777777777777778 0.020512820512820513
0 0.7694444444444445 0.5908831908831909 0.012222222222222223 0.02507122507122507
0 0.5397222222222222 0.5886039886039887 0.018333333333333333 0.03304843304843305
0 0.4001388888888889 0.5866096866096866 0.009722222222222222 0.0301994301994302
0 0.5180555555555556 0.58005698005698 0.007222222222222222 0.038746438746438745
0 0.6411111111111111 0.5601139601139601 0.010555555555555556 0.022792022792022793
0 0.6011111111111112 0.5518518518518518 0.01 0.0245014245014245
0 0.04597222222222222 0.44814814814814813 0.010277777777777778 0.017663817663817662
0 0.00375 0.41595441595441596 0.0075 0.020512820512820513
0 0.026805555555555555 0.41025641025641024 0.04138888888888889 0.06723646723646724
0 0.9045833333333333 0.37264957264957266 0.011944444444444445 0.019373219373219373
0 0.9616666666666667 0.37777777777777777 0.030555555555555555 0.1207977207977208
0 0.8970833333333333 0.2415954415954416 0.011944444444444445 0.021652421652421653
0 0.5 0.2883190883190883 1.0 0.5766381766381766
