0 0.98475 0.8477119279819955 0.0115 0.025506376594148537
0 0.13225 0.8615903975993998 0.0495 0.05926481620405101
0 0.975 0.8214553638409603 0.023 0.02250562640660165
0 0.19 0.8049512378094523 0.065 0.10802700675168792
0 0.17125 0.7614403600900225 0.0165 0.024006001500375095
0 0.2375 0.7036759189797449 0.03 0.04951237809452363
0 0.0815 0.5866466616654163 0.013 0.058514628657164294
0 0.70775 0.5731432858214554 0.0295 0.033008252063015754
0 0.59125 0.7663165791447862 0.8175 0.4673668417104276
0 0.08575 0.5285071267816954 0.0095 0.04876219054763691
0 0.9255 0.5551387846961741 0.149 0.2415603900975244
0 0.99025 0.3743435858964741 0.0195 0.01800450112528132
0 0.98975 0.35408852213053266 0.0205 0.016504126031507877
0 0.6885 0.32220555138784696 0.018 0.024756189047261814
0 0.7165 0.29932483120780196 0.032 0.03900975243810953
0 0.939 0.2970742685671418 0.061 0.06751687921980495
0 0.1205 0.26069017254313576 0.018 0.03225806451612903
0 0.8925 0.27081770442610653 0.068 0.09602400600150038
0 0.849 0.25206301575393847 0.035 0.09452363090772693
0 0.077 0.2010502625656414 0.018 0.025506376594148537
0 0.8225 0.1800450112528132 0.044 0.0345086271567892
0 0.5 0.3379594898724681 1.0 0.6759189797449362
