0 0.6429166666666667 0.9825 0.0525 0.035
0 0.41041666666666665 0.98125 0.049166666666666664 0.0375
0 0.35 0.92375 0.055 0.0575
0 0.25833333333333336 0.913125 0.04 0.04375
0 0.18833333333333332 0.881875 0.03166666666666667 0.04375
0 0.11083333333333334 0.8625 0.04 0.03
0 0.24333333333333335 0.80875 0.02666666666666667 0.0375
0 0.595 0.339375 0.023333333333333334 0.08375
0 0.55 0.32875 0.05 0.1175
0 0.48875 0.325 0.0225 0.1225
0 0.40791666666666665 0.225625 0.019166666666666665 0.05375
0 0.5 0.538125 1.0 0.80375
0 0.4270833333333333 0.165 0.0925 0.085
0 0.4345833333333333 0.02875 0.04083333333333333 0.04
0 0.9120833333333334 0.04875 0.08083333333333333 0.095
0 0.4816666666666667 0.01 0.055 0.02
0 0.30375 0.11 0.2125 0.22
0 0.23541666666666666 0.021875 0.049166666666666664 0.04375
