0 0.303955078125 0.9743589743589743 0.02099609375 0.03956043956043956
0 0.527587890625 0.8315018315018315 0.02392578125 0.05128205128205128
0 0.609130859375 0.8095238095238095 0.14013671875 0.07912087912087912
0 0.48486328125 0.7644688644688644 0.09375 0.21318681318681318
0 0.978271484375 0.5816849816849817 0.04345703125 0.05128205128205128
0 0.41845703125 0.5205128205128206 0.03125 0.054945054945054944
0 0.756591796875 0.4937728937728938 0.01708984375 0.02197802197802198
0 0.798828125 0.4776556776556777 0.0361328125 0.0336996336996337
0 0.6728515625 0.29304029304029305 0.0400390625 0.01611721611721612
0 0.7626953125 0.23882783882783884 0.0166015625 0.020512820512820513
0 0.513427734375 0.22197802197802197 0.04052734375 0.029304029304029304
0 0.79931640625 0.2293040293040293 0.033203125 0.05128205128205128
0 0.83056640625 0.24102564102564103 0.0634765625 0.08644688644688645
0 0.841796875 0.18424908424908426 0.01953125 0.027106227106227107
0 0.9013671875 0.29743589743589743 0.08984375 0.3326007326007326
0 0.69677734375 0.1443223443223443 0.03125 0.03663003663003663
0 0.943359375 0.16593406593406593 0.025390625 0.16776556776556775
0 0.75341796875 0.08021978021978023 0.0283203125 0.03736263736263736
0 0.85986328125 0.07912087912087912 0.068359375 0.04395604395604396
0 0.463623046875 0.5274725274725275 0.92724609375 0.945054945054945
0 0.6591796875 0.06446886446886448 0.0185546875 0.02783882783882784
0 0.727783203125 0.06813186813186813 0.02099609375 0.03956043956043956
0 0.77880859375 0.04358974358974359 0.0302734375 0.02271062271062271
0 0.880615234375 0.039926739926739924 0.06201171875 0.02564102564102564
0 0.983154296875 0.015384615384615385 0.03369140625 0.03076923076923077
0 0.77734375 0.01575091575091575 0.037109375 0.0315018315018315
0 0.724365234375 0.013186813186813187 0.02783203125 0.026373626373626374
