0 0.118 0.7761627906976745 0.058 0.20930232558139536
0 0.798 0.7020348837209303 0.048 0.08430232558139535
0 0.0125 0.6715116279069767 0.025 0.09302325581395349
0 0.317 0.6119186046511628 0.052 0.07267441860465117
0 0.071 0.5792151162790697 0.024 0.059593023255813955
0 0.289 0.563953488372093 0.036 0.0436046511627907
0 0.326 0.5421511627906976 0.036 0.09011627906976744
0 0.0365 0.5145348837209303 0.029 0.04941860465116279
0 0.3745 0.4949127906976744 0.041 0.059593023255813955
0 0.1765 0.3953488372093023 0.035 0.055232558139534885
0 0.1925 0.34665697674418605 0.037 0.06540697674418605
0 0.2455 0.30886627906976744 0.027 0.09156976744186046
0 0.218 0.2870639534883721 0.028 0.08575581395348837
0 0.5705 0.5625 0.859 0.6715116279069767
