0 0.8984375 0.8856481481481482 0.04791666666666667 0.07314814814814814
0 0.8986979166666667 0.7606481481481482 0.024479166666666666 0.041666666666666664
0 0.9341145833333333 0.662962962962963 0.06302083333333333 0.03148148148148148
0 0.4427083333333333 0.8023148148148148 0.8854166666666666 0.39537037037037037
0 0.7684895833333333 0.6212962962962963 0.030729166666666665 0.044444444444444446
0 0.7958333333333333 0.6018518518518519 0.028125 0.03518518518518519
0 0.50234375 0.575 0.019270833333333334 0.024074074074074074
0 0.5291666666666667 0.5532407407407407 0.06041666666666667 0.0712962962962963
0 0.5671875 0.5226851851851851 0.020833333333333332 0.030555555555555555
0 0.7572916666666667 0.5268518518518519 0.059375 0.06666666666666667
0 0.7135416666666666 0.49907407407407406 0.025 0.03518518518518519
0 0.4015625 0.5060185185185185 0.03125 0.06944444444444445
0 0.3658854166666667 0.44537037037037036 0.024479166666666666 0.044444444444444446
0 0.3416666666666667 0.4 0.022916666666666665 0.03518518518518519
0 0.31588541666666664 0.35648148148148145 0.027604166666666666 0.03888888888888889
0 0.6364583333333333 0.3925925925925926 0.13645833333333332 0.1685185185185185
0 0.8796875 0.08287037037037037 0.020833333333333332 0.04351851851851852
0 0.8997395833333334 0.05462962962962963 0.015104166666666667 0.04259259259259259
