0 0.5461111111111111 0.95875 0.08777777777777777 0.0825
0 0.21777777777777776 0.8825 0.05333333333333334 0.12
0 0.45222222222222225 0.85125 0.05555555555555555 0.1225
0 0.4922222222222222 0.73875 0.09777777777777778 0.0575
0 0.37222222222222223 0.72875 0.04666666666666667 0.0825
0 0.655 0.6425 0.10555555555555556 0.115
0 0.5855555555555556 0.62375 0.035555555555555556 0.1025
0 0.5011111111111111 0.6175 0.057777777777777775 0.11
0 0.5411111111111111 0.59875 0.06444444444444444 0.0875
0 0.21777777777777776 0.7125 0.31333333333333335 0.38
0 0.41333333333333333 0.52875 0.12222222222222222 0.1425
0 0.16 0.38875 0.06 0.0675
0 0.28888888888888886 0.36375 0.09555555555555556 0.1975
0 0.8355555555555556 0.5 0.3288888888888889 1.0
0 0.7883333333333333 0.14 0.21444444444444444 0.28
0 0.5277777777777778 0.14 0.1622222222222222 0.28
0 0.4127777777777778 0.1275 0.06777777777777778 0.255
