0 0.9808333333333333 0.8881481481481481 0.03 0.045925925925925926
0 0.5370833333333334 0.7592592592592593 0.025833333333333333 0.04888888888888889
0 0.5795833333333333 0.7325925925925926 0.0575 0.0637037037037037
0 0.6658333333333334 0.825925925925926 0.6683333333333333 0.34814814814814815
0 0.32666666666666666 0.6474074074074074 0.11666666666666667 0.31703703703703706
0 0.7858333333333334 0.4985185185185185 0.1 0.057777777777777775
0 0.18208333333333335 0.42 0.0675 0.04
0 0.32125 0.6911111111111111 0.4025 0.6177777777777778
0 0.32958333333333334 0.4148148148148148 0.020833333333333332 0.08
0 0.5691666666666667 0.34 0.18666666666666668 0.0874074074074074
