0 0.49375 0.9786458333333333 0.02638888888888889 0.028125
0 0.7715277777777778 0.9796875 0.03333333333333333 0.036458333333333336
0 0.3736111111111111 0.9791666666666666 0.029166666666666667 0.041666666666666664
0 0.446875 0.9786458333333333 0.04791666666666667 0.042708333333333334
0 0.9524305555555556 0.9666666666666667 0.029861111111111113 0.03125
0 0.22152777777777777 0.9567708333333333 0.034722222222222224 0.028125
0 0.04548611111111111 0.96875 0.03680555555555556 0.0625
0 0.075 0.9682291666666667 0.015277777777777777 0.06354166666666666
0 0.2621527777777778 0.9520833333333333 0.02847222222222222 0.03333333333333333
0 0.5444444444444444 0.9526041666666667 0.07083333333333333 0.051041666666666666
0 0.9895833333333334 0.8921875 0.020833333333333332 0.036458333333333336
0 0.6670138888888889 0.80625 0.022916666666666665 0.027083333333333334
0 0.14027777777777778 0.8036458333333333 0.06944444444444445 0.034375
0 0.5798611111111112 0.8 0.06111111111111111 0.06041666666666667
0 0.04652777777777778 0.7760416666666666 0.03333333333333333 0.06666666666666667
0 0.19791666666666666 0.7557291666666667 0.04027777777777778 0.08020833333333334
0 0.603125 0.7296875 0.03263888888888889 0.03854166666666667
0 0.9260416666666667 0.7291666666666666 0.03263888888888889 0.05
0 0.6715277777777777 0.7052083333333333 0.030555555555555555 0.05
0 0.5885416666666666 0.42552083333333335 0.02847222222222222 0.03229166666666667
0 0.33611111111111114 0.4276041666666667 0.027777777777777776 0.059375
0 0.47638888888888886 0.6041666666666666 0.9527777777777777 0.4979166666666667
