0 0.47833333333333333 0.86625 0.2875 0.055
0 0.5520833333333334 0.8321875 0.0175 0.021875
0 0.8427083333333333 0.7378125 0.03125 0.013125
0 0.108125 0.7434375 0.017916666666666668 0.033125
0 0.9120833333333334 0.7053125 0.0175 0.020625
0 0.8939583333333333 0.693125 0.032916666666666664 0.01
0 0.7897916666666667 0.6746875 0.029583333333333333 0.013125
0 0.8191666666666667 0.6784375 0.02 0.028125
0 0.055625 0.328125 0.010416666666666666 0.0275
0 0.5285416666666667 0.435625 0.9429166666666666 0.87125
