0 0.232421875 0.9876302083333334 0.05078125 0.024739583333333332
0 0.3173828125 0.9778645833333334 0.046875 0.044270833333333336
0 0.18896484375 0.9140625 0.0498046875 0.046875
0 0.103515625 0.896484375 0.064453125 0.055989583333333336
0 0.05126953125 0.8704427083333334 0.0283203125 0.05859375
0 0.90380859375 0.6803385416666666 0.0751953125 0.09765625
0 0.4345703125 0.810546875 0.75 0.37890625
0 0.38134765625 0.650390625 0.0439453125 0.05859375
0 0.83642578125 0.7096354166666666 0.0517578125 0.1875
0 0.57958984375 0.4700520833333333 0.0478515625 0.036458333333333336
0 0.3505859375 0.4173177083333333 0.130859375 0.07942708333333333
0 0.18212890625 0.388671875 0.0400390625 0.02734375
0 0.05078125 0.375 0.03515625 0.033854166666666664
0 0.357421875 0.20247395833333334 0.029296875 0.04296875
0 0.75244140625 0.208984375 0.0126953125 0.07942708333333333
0 0.70361328125 0.171875 0.0361328125 0.07291666666666667
0 0.345703125 0.11197916666666667 0.033203125 0.0625
0 0.5888671875 0.09635416666666667 0.033203125 0.049479166666666664
0 0.52099609375 0.044270833333333336 0.0361328125 0.044270833333333336
0 0.38916015625 0.047526041666666664 0.0537109375 0.07682291666666667
0 0.63525390625 0.030598958333333332 0.0888671875 0.061197916666666664
