0 0.5871052631578947 0.9029202841357538 0.03631578947368421 0.036306235201262825
0 0.7394736842105263 0.8898973954222573 0.018947368421052633 0.04656669297553275
0 0.1436842105263158 0.7142857142857143 0.13894736842105262 0.2967640094711918
0 0.78 0.6681136543014996 0.11052631578947368 0.35438042620363064
0 0.7292105263157894 0.46842936069455404 0.013157894736842105 0.027624309392265192
0 0.578421052631579 0.5015785319652722 0.016842105263157894 0.10812943962115233
0 0.5221052631578947 0.39384372533543804 0.02 0.022099447513812154
0 0.5547368421052632 0.39029202841357535 0.016842105263157894 0.02920284135753749
0 0.6194736842105263 0.3792423046566693 0.04421052631578947 0.06393054459352802
0 0.5292105263157895 0.35122336227308604 0.024736842105263158 0.017363851617995266
0 0.6321052631578947 0.34964483030781374 0.02 0.03314917127071823
0 0.7268421052631578 0.3334648776637727 0.031578947368421054 0.01973164956590371
0 0.45710526315789474 0.6211523283346487 0.36894736842105263 0.6124704025256511
0 0.4055263157894737 0.32359905288082086 0.017368421052631578 0.03314917127071823
0 0.35078947368421054 0.30702446724546173 0.03105263157894737 0.022099447513812154
0 0.5228947368421053 0.3164956590370955 0.04894736842105263 0.0473559589581689
0 0.5492105263157895 0.2616416732438832 0.027894736842105264 0.037095501183898975
0 0.6136842105263158 0.250197316495659 0.02 0.025256511444356748
0 0.3778947368421053 0.2600631412786109 0.03368421052631579 0.06393054459352802
0 0.5384210526315789 0.22099447513812154 0.017894736842105262 0.05840568271507498
0 0.6073684210526316 0.19179163378058406 0.024210526315789474 0.020520915548539857
