0 0.98875 0.9427777777777778 0.0225 0.04111111111111111
0 0.052083333333333336 0.8311111111111111 0.05583333333333333 0.05333333333333334
0 0.07833333333333334 0.7838888888888889 0.03 0.03888888888888889
0 0.8629166666666667 0.5111111111111111 0.020833333333333332 0.04888888888888889
0 0.91 0.5016666666666667 0.055 0.11
0 0.6554166666666666 0.3427777777777778 0.0225 0.043333333333333335
0 0.76875 0.32055555555555554 0.034166666666666665 0.05
0 0.6991666666666667 0.1511111111111111 0.018333333333333333 0.09777777777777778
0 0.9016666666666666 0.2822222222222222 0.19666666666666666 0.5644444444444444
0 0.47833333333333333 0.12666666666666668 0.03 0.25333333333333335
0 0.41541666666666666 0.013888888888888888 0.0375 0.027777777777777776
0 0.5 0.5 1.0 1.0
