0 0.3756815703380589 0.9216666666666666 0.10577971646673937 0.15666666666666668
0 0.5119956379498364 0.855 0.020719738276990186 0.29
0 0.04961832061068702 0.74 0.04689203925845147 0.11333333333333333
0 0.46892039258451473 0.83 0.07197382769901854 0.34
0 0.6690294438386042 0.775 0.07960741548527808 0.45
0 0.028353326063249727 0.6133333333333333 0.05670665212649945 0.16666666666666666
0 0.28844056706652127 0.6083333333333333 0.03598691384950927 0.29
0 0.25136314067611776 0.5616666666666666 0.07960741548527808 0.41
0 0.4187568157033806 0.33666666666666667 0.03707742639040349 0.16
0 0.11995637949836423 0.5766666666666667 0.06324972737186478 0.8466666666666667
0 0.4629225736095965 0.145 0.03816793893129771 0.10333333333333333
0 0.7764449291166848 0.5 0.44711014176663033 1.0
0 0.5256270447110142 0.5 0.20719738276990185 1.0
0 0.3925845147219193 0.10666666666666667 0.10032715376226826 0.21333333333333335
0 0.21646673936750271 0.5 0.15376226826608505 1.0
