0 0.42104166666666665 0.9677516576250753 0.06291666666666666 0.023508137432188065
0 0.245625 0.9514767932489452 0.02375 0.011452682338758288
0 0.5022916666666667 0.9484629294755877 0.03208333333333333 0.015069318866787222
0 0.10104166666666667 0.9409282700421941 0.029583333333333333 0.019288728149487643
0 0.8141666666666667 0.930379746835443 0.0275 0.009041591320072333
0 0.765 0.9258589511754068 0.021666666666666667 0.014466546112115732
0 0.34041666666666665 0.9150090415913201 0.07166666666666667 0.02531645569620253
0 0.31854166666666667 0.8875828812537673 0.07708333333333334 0.02109704641350211
0 0.180625 0.9180229053646776 0.15208333333333332 0.08318264014466546
0 0.07729166666666666 0.8761301989150091 0.02625 0.017480409885473176
0 0.15333333333333332 0.8652802893309223 0.023333333333333334 0.0162748643761302
0 0.17125 0.8583484026522001 0.02666666666666667 0.013261000602772756
0 0.28979166666666667 0.8499095840867993 0.01625 0.01567209162145871
0 0.17520833333333333 0.8354430379746836 0.10041666666666667 0.024110910186859555
0 0.42583333333333334 0.7748643761301989 0.05333333333333334 0.03074141048824593
0 0.98375 0.5030138637733574 0.020833333333333332 0.013863773357444244
0 0.65875 0.18896925858951175 0.015833333333333335 0.031946955997588906
0 0.6839583333333333 0.17751657625075346 0.012083333333333333 0.08499095840867993
0 0.5547916666666667 0.5675105485232067 0.61625 0.8649789029535865
