0 0.8080632716049383 0.9974279835390947 0.030478395061728395 0.0051440329218107
0 0.7907021604938271 0.9845679012345679 0.018132716049382717 0.015432098765432098
0 0.9400077160493827 0.926954732510288 0.013503086419753086 0.013374485596707819
0 0.9035493827160493 0.9503600823045267 0.19290123456790123 0.09927983539094651
0 0.7685185185185185 0.8459362139917695 0.040123456790123455 0.05709876543209876
0 0.7731481481481481 0.7934670781893004 0.026234567901234566 0.022119341563786008
0 0.7596450617283951 0.7615740740740741 0.033950617283950615 0.08487654320987655
0 0.8389274691358025 0.7407407407407407 0.03433641975308642 0.05864197530864197
0 0.9803240740740741 0.7150205761316872 0.013888888888888888 0.023662551440329218
0 0.8003472222222222 0.6828703703703703 0.011959876543209876 0.016975308641975308
0 0.9758873456790124 0.6597222222222222 0.016589506172839507 0.04372427983539095
0 0.8414351851851852 0.6489197530864198 0.011574074074074073 0.03446502057613169
0 0.7972608024691358 0.6399176954732511 0.016589506172839507 0.033950617283950615
0 0.824266975308642 0.647119341563786 0.02662037037037037 0.04938271604938271
0 0.9322916666666666 0.6440329218106996 0.008873456790123456 0.08539094650205761
0 0.9861111111111112 0.5928497942386831 0.008487654320987654 0.025205761316872428
0 0.13831018518518517 0.6069958847736625 0.013503086419753086 0.05452674897119342
0 0.9205246913580247 0.5722736625514403 0.007716049382716049 0.02726337448559671
0 0.9602623456790124 0.595164609053498 0.05169753086419753 0.08436213991769548
0 0.1413966049382716 0.5612139917695473 0.010416666666666666 0.030864197530864196
0 0.14429012345679013 0.5329218106995884 0.008487654320987654 0.026748971193415638
0 0.12172067901234568 0.5897633744855967 0.02507716049382716 0.1640946502057613
0 0.16126543209876543 0.5059156378600823 0.010802469135802469 0.016975308641975308
0 0.9799382716049383 0.492798353909465 0.016203703703703703 0.043209876543209874
0 0.08391203703703703 0.4398148148148148 0.009645061728395061 0.03292181069958848
0 0.11863425925925926 0.43930041152263377 0.0073302469135802465 0.044238683127572016
0 0.1863425925925926 0.30401234567901236 0.013888888888888888 0.0411522633744856
0 0.09664351851851852 0.2705761316872428 0.011959876543209876 0.021604938271604937
0 0.22202932098765432 0.25334362139917693 0.015046296296296295 0.041666666666666664
0 0.09471450617283951 0.23894032921810698 0.028935185185185185 0.047839506172839504
0 0.10320216049382716 0.2080761316872428 0.01890432098765432 0.01800411522633745
0 0.048804012345679014 0.1934156378600823 0.019675925925925927 0.027777777777777776
0 0.07503858024691358 0.1926440329218107 0.03819444444444445 0.032407407407407406
0 0.8119212962962963 0.014660493827160493 0.021219135802469136 0.029320987654320986
0 0.5 0.5 1.0 1.0
