0 0.014415376401494928 0.9817027632561613 0.0202883075280299 0.03211351755041075
0 0.8862786972770955 0.9779686333084391 0.22744260544580885 0.044062733383121735
0 0.23011211959423386 0.9705003734129948 0.013881473571809931 0.02912621359223301
0 0.4412706887346503 0.9507094846900672 0.01761879337960491 0.016430171769977596
0 0.8061932728243459 0.9510828976848394 0.060864922584089695 0.039581777445855115
0 0.34223171382808326 0.943614637789395 0.013881473571809931 0.024645257654966394
0 0.300854244527496 0.9495892457057505 0.034703683929524824 0.041075429424943986
0 0.49279231179925254 0.9159820761762509 0.01601708489054992 0.02912621359223301
0 0.6102509343299519 0.912621359223301 0.0202883075280299 0.03136669156086632
0 0.39695675387079554 0.8894697535474234 0.034703683929524824 0.043315907393577296
0 0.7445274959957288 0.8778939507094847 0.03897490656700481 0.024645257654966394
0 0.7116924719701014 0.8756534727408514 0.01601708489054992 0.021657953696788648
0 0.9647624132407902 0.8461538461538461 0.017084890549919914 0.019417475728155338
0 0.7557394554191137 0.8454070201643017 0.029364655632674853 0.035847647498132934
0 0.030966364121729845 0.8618371919342793 0.06193272824345969 0.09410007468259896
0 0.8085958355579285 0.8274831964152353 0.014415376401494928 0.0268857356235997
0 0.785371062466631 0.8252427184466019 0.026695141484249868 0.028379387602688575
0 0.8627869727709557 0.8244958924570575 0.053390282968499736 0.035847647498132934
0 0.9837159636946076 0.8117998506348021 0.032568072610784836 0.043315907393577296
0 0.8625200213561132 0.7886482449589246 0.041110517885744796 0.0268857356235997
0 0.7138280832888414 0.7811799850634802 0.039508809396689805 0.05078416728902166
0 0.45408435664709024 0.8607169529499626 0.6390816871329418 0.27856609410007466
0 0.8844100373731981 0.7348767737117252 0.020822210357714897 0.035847647498132934
0 0.9834490122797651 0.7251680358476476 0.03310197544046983 0.037341299477221805
0 0.8056593699946609 0.7206870799103808 0.11745862253069941 0.14488424197162061
0 0.8611852642819007 0.6501120238984317 0.023491724506139882 0.04256908140403286
0 0.17271756540309663 0.22367438386855862 0.01761879337960491 0.04705003734129948
0 0.99038974906567 0.1713965646004481 0.019220501868659905 0.02912621359223301
0 0.04431393486385478 0.17886482449589244 0.08862786972770956 0.09634055265123226
0 0.9642285104111051 0.12546676624346528 0.028830752802989856 0.06572068707991038
0 0.9650293646556327 0.06161314413741598 0.02616123865456487 0.04256908140403286
