0 0.8188014403292181 0.9951774691358025 0.009002057613168725 0.009645061728395061
0 0.9192386831275721 0.9928626543209876 0.028292181069958847 0.01427469135802469
0 0.9526748971193416 0.9926697530864198 0.006687242798353909 0.014660493827160493
0 0.5241769547325102 0.9926697530864198 0.018518518518518517 0.014660493827160493
0 0.44753086419753085 0.9915123456790124 0.01800411522633745 0.014660493827160493
0 0.9403292181069959 0.9911265432098766 0.01131687242798354 0.017746913580246913
0 0.9639917695473251 0.9891975308641975 0.00874485596707819 0.015432098765432098
0 0.38773148148148145 0.986304012345679 0.012088477366255145 0.018132716049382717
0 0.4338991769547325 0.986304012345679 0.010802469135802469 0.02044753086419753
0 0.8324331275720165 0.9851466049382716 0.0367798353909465 0.02970679012345679
0 0.9948559670781894 0.9689429012345679 0.0102880658436214 0.02662037037037037
0 0.706275720164609 0.9751157407407407 0.048868312757201646 0.04976851851851852
0 0.9429012345679012 0.9535108024691358 0.006687242798353909 0.011959876543209876
0 0.9270833333333334 0.9629629629629629 0.009002057613168725 0.031635802469135804
0 0.9364711934156379 0.9587191358024691 0.0051440329218107 0.027777777777777776
0 0.26864711934156377 0.9504243827160493 0.007458847736625514 0.013503086419753086
0 0.761059670781893 0.9681712962962963 0.035493827160493825 0.06365740740740741
0 0.7479423868312757 0.951195987654321 0.012345679012345678 0.03125
0 0.43209876543209874 0.9427083333333334 0.01131687242798354 0.018132716049382717
0 0.524048353909465 0.9403935185185185 0.021862139917695474 0.02199074074074074
0 0.9107510288065843 0.9438657407407407 0.01954732510288066 0.03356481481481482
0 0.7006172839506173 0.9365354938271605 0.027777777777777776 0.028935185185185185
0 0.9920267489711934 0.9313271604938271 0.01594650205761317 0.021604938271604937
0 0.8710133744855967 0.9589120370370371 0.011574074074074073 0.08217592592592593
0 0.4329989711934156 0.9249614197530864 0.008487654320987654 0.01427469135802469
0 0.6503343621399177 0.9565972222222222 0.028034979423868314 0.08680555555555555
0 0.4470164609053498 0.9342206790123457 0.01800411522633745 0.04513888888888889
0 0.7947530864197531 0.9533179012345679 0.0205761316872428 0.08719135802469136
0 0.9621913580246914 0.9143518518518519 0.01800411522633745 0.019290123456790122
0 0.878343621399177 0.9230324074074074 0.016975308641975308 0.03896604938271605
0 0.7214506172839507 0.9128086419753086 0.00565843621399177 0.018518518518518517
0 0.4359567901234568 0.9110725308641975 0.01286008230452675 0.015817901234567902
0 0.7663323045267489 0.9012345679012346 0.007458847736625514 0.012345679012345678
0 0.32073045267489714 0.9052854938271605 0.007716049382716049 0.024305555555555556
0 0.7984825102880658 0.8966049382716049 0.007458847736625514 0.013888888888888888
0 0.9979423868312757 0.8996913580246914 0.00411522633744856 0.021604938271604937
0 0.4329989711934156 0.8966049382716049 0.011574074074074073 0.015432098765432098
0 0.07227366255144033 0.8954475308641975 0.01286008230452675 0.013888888888888888
0 0.98315329218107 0.8937114197530864 0.006944444444444444 0.011188271604938271
0 0.9412294238683128 0.8942901234567902 0.010545267489711935 0.016975308641975308
0 0.4202674897119342 0.8921682098765432 0.012345679012345678 0.015817901234567902
0 0.5205761316872428 0.9000771604938271 0.024691358024691357 0.037037037037037035
0 0.6539351851851852 0.8942901234567902 0.013117283950617283 0.027777777777777776
0 0.909593621399177 0.8877314814814815 0.0059156378600823045 0.016975308641975308
0 0.7236368312757202 0.8832947530864198 0.009002057613168725 0.010416666666666666
0 0.3055555555555556 0.8975694444444444 0.02263374485596708 0.048996913580246916
0 0.06712962962962964 0.8800154320987654 0.014917695473251029 0.020061728395061727
0 0.5203189300411523 0.8736496913580247 0.007716049382716049 0.015817901234567902
0 0.6907150205761317 0.8937114197530864 0.031635802469135804 0.06905864197530864
0 0.9395576131687243 0.8655478395061729 0.011831275720164609 0.022762345679012346
0 0.7916666666666666 0.8807870370370371 0.01903292181069959 0.05709876543209876
0 0.34156378600823045 0.8595679012345679 0.00977366255144033 0.017746913580246913
0 0.9593621399176955 0.8640046296296297 0.015432098765432098 0.027391975308641976
0 0.7103909465020576 0.8557098765432098 0.00874485596707819 0.013117283950617283
0 0.3828446502057613 0.8553240740740741 0.013117283950617283 0.014660493827160493
0 0.9223251028806584 0.8948688271604939 0.02417695473251029 0.09992283950617284
0 0.4661779835390947 0.8493441358024691 0.008487654320987654 0.011188271604938271
0 0.7547582304526749 0.8827160493827161 0.03009259259259259 0.08333333333333333
0 0.847608024691358 0.8452932098765432 0.006430041152263375 0.020061728395061727
0 0.43261316872427985 0.8396990740740741 0.00720164609053498 0.015817901234567902
0 0.8698559670781894 0.8402777777777778 0.0102880658436214 0.019290123456790122
0 0.06018518518518518 0.8377700617283951 0.007716049382716049 0.018132716049382717
0 0.880272633744856 0.8595679012345679 0.024434156378600823 0.06867283950617284
0 0.9207818930041153 0.8396990740740741 0.013374485596707819 0.030478395061728395
0 0.5151748971193416 0.8302469135802469 0.00977366255144033 0.012345679012345678
0 0.45537551440329216 0.8267746913580247 0.007458847736625514 0.010802469135802469
0 0.6417181069958847 0.8327546296296297 0.020061728395061727 0.027391975308641976
0 0.4645061728395062 0.8256172839506173 0.00823045267489712 0.014660493827160493
0 0.9916409465020576 0.8396990740740741 0.016718106995884774 0.048996913580246916
0 0.7889660493827161 0.8256172839506173 0.017746913580246913 0.020833333333333332
0 0.07111625514403293 0.8375771604938271 0.017232510288065845 0.044753086419753084
0 0.8589248971193416 0.9072145061728395 0.012088477366255145 0.18557098765432098
0 0.8685699588477366 0.8196373456790124 0.009259259259259259 0.018132716049382717
0 0.43364197530864196 0.8200231481481481 0.01594650205761317 0.02044753086419753
0 0.4193672839506173 0.8402777777777778 0.03780864197530864 0.06481481481481481
0 0.48906893004115226 0.8134645061728395 0.011059670781893004 0.015817901234567902
0 0.6589506172839507 0.8113425925925926 0.012345679012345678 0.022376543209876542
0 0.9548611111111112 0.8053626543209876 0.011059670781893004 0.01427469135802469
0 0.46579218106995884 0.8080632716049383 0.010802469135802469 0.021219135802469136
0 0.009645061728395061 0.8055555555555556 0.006430041152263375 0.016203703703703703
0 0.8933899176954733 0.8042052469135802 0.008487654320987654 0.015046296296296295
0 0.39274691358024694 0.8011188271604939 0.0102880658436214 0.01427469135802469
0 0.3500514403292181 0.7989969135802469 0.01903292181069959 0.016203703703703703
0 0.5106738683127572 0.7889660493827161 0.014146090534979424 0.010802469135802469
0 0.8576388888888888 0.7943672839506173 0.007973251028806584 0.02854938271604938
0 0.6909722222222222 0.8234953703703703 0.04243827160493827 0.08680555555555555
0 0.8459362139917695 0.8040123456790124 0.012345679012345678 0.05478395061728395
0 0.7912808641975309 0.7860725308641975 0.0059156378600823045 0.02044753086419753
0 0.5257201646090535 0.7824074074074074 0.01440329218106996 0.017746913580246913
0 0.452417695473251 0.7818287037037037 0.00874485596707819 0.017361111111111112
0 0.753343621399177 0.8177083333333334 0.0360082304526749 0.09066358024691358
0 0.9242541152263375 0.7795138888888888 0.005401234567901234 0.018132716049382717
0 0.46309156378600824 0.7795138888888888 0.012602880658436214 0.02353395061728395
0 0.5123456790123457 0.7754629629629629 0.01131687242798354 0.016975308641975308
0 0.3805298353909465 0.7779706790123457 0.02854938271604938 0.027391975308641976
0 0.14621913580246915 0.7687114197530864 0.009002057613168725 0.010416666666666666
0 0.8936471193415638 0.7671682098765432 0.011059670781893004 0.011188271604938271
0 0.5268775720164609 0.7669753086419753 0.013117283950617283 0.012345679012345678
0 0.6588220164609053 0.7683256172839507 0.010545267489711935 0.015817901234567902
0 0.014146090534979424 0.7631172839506173 0.01131687242798354 0.009259259259259259
0 0.45010288065843623 0.7638888888888888 0.009259259259259259 0.017746913580246913
0 0.8452932098765432 0.7646604938271605 0.012088477366255145 0.021604938271604937
0 0.06712962962962964 0.7698688271604939 0.01440329218106996 0.03510802469135803
0 0.8689557613168725 0.7604166666666666 0.014146090534979424 0.016975308641975308
0 0.386059670781893 0.7579089506172839 0.01954732510288066 0.013503086419753086
0 0.8585390946502057 0.7588734567901234 0.006172839506172839 0.018518518518518517
0 0.07420267489711935 0.7530864197530864 0.011574074074074073 0.016203703703703703
0 0.6602366255144033 0.7503858024691358 0.010802469135802469 0.018518518518518517
0 0.4481738683127572 0.7436342592592593 0.009002057613168725 0.010416666666666666
0 0.03420781893004115 0.7442129629629629 0.009259259259259259 0.011574074074074073
0 0.14030349794238683 0.7428626543209876 0.011059670781893004 0.01273148148148148
0 0.338477366255144 0.7368827160493827 0.01286008230452675 0.007716049382716049
0 0.8693415637860082 0.7417052469135802 0.010802469135802469 0.022762345679012346
0 0.98315329218107 0.7669753086419753 0.03369341563786008 0.0787037037037037
0 0.3452932098765432 0.7577160493827161 0.025977366255144033 0.06018518518518518
0 0.43878600823045266 0.7442129629629629 0.00823045267489712 0.033950617283950615
0 0.783179012345679 0.7309027777777778 0.006172839506172839 0.016589506172839507
0 0.7170781893004116 0.7328317901234568 0.01286008230452675 0.028935185185185185
0 0.4628343621399177 0.7424768518518519 0.019804526748971193 0.048996913580246916
0 0.8445216049382716 0.7312885802469136 0.015174897119341564 0.02970679012345679
0 0.41460905349794236 0.7328317901234568 0.03497942386831276 0.03279320987654321
0 0.5043724279835391 0.7262731481481481 0.00874485596707819 0.02044753086419753
0 0.3366769547325103 0.7241512345679012 0.013374485596707819 0.016975308641975308
0 0.8577674897119342 0.7309027777777778 0.010802469135802469 0.03125
0 0.48559670781893005 0.71875 0.011831275720164609 0.012345679012345678
0 0.01440329218106996 0.7201003086419753 0.01748971193415638 0.024305555555555556
0 0.13233024691358025 0.7191358024691358 0.016718106995884774 0.02700617283950617
0 0.03227880658436214 0.7197145061728395 0.012602880658436214 0.02970679012345679
0 0.1467335390946502 0.7058256172839507 0.014660493827160493 0.01427469135802469
0 0.7174639917695473 0.7052469135802469 0.008487654320987654 0.020833333333333332
0 0.40084876543209874 0.703125 0.011574074074074073 0.016589506172839507
0 0.6466049382716049 0.7035108024691358 0.014917695473251029 0.01890432098765432
0 0.3438786008230453 0.7077546296296297 0.0205761316872428 0.02816358024691358
0 0.38078703703703703 0.7214506172839507 0.03266460905349794 0.05864197530864197
0 0.981224279835391 0.7058256172839507 0.03755144032921811 0.04050925925925926
0 0.8415637860082305 0.699266975308642 0.01800411522633745 0.03356481481481482
0 0.8946759259259259 0.6890432098765432 0.015689300411522635 0.014660493827160493
0 0.05336934156378601 0.6873070987654321 0.010030864197530864 0.011188271604938271
0 0.14981995884773663 0.6963734567901234 0.024948559670781894 0.030864197530864196
0 0.0363940329218107 0.6900077160493827 0.011059670781893004 0.02044753086419753
0 0.01427469135802469 0.6919367283950617 0.016718106995884774 0.02816358024691358
0 0.463477366255144 0.6915509259259259 0.030864197530864196 0.028935185185185185
0 0.3761574074074074 0.6986882716049383 0.030606995884773662 0.04398148148148148
0 0.41190843621399176 0.6813271604938271 0.012602880658436214 0.010030864197530864
0 0.8587962962962963 0.6948302469135802 0.012345679012345678 0.03935185185185185
0 0.43698559670781895 0.6805555555555556 0.018518518518518517 0.015432098765432098
0 0.1511059670781893 0.6724537037037037 0.018775720164609055 0.016203703703703703
0 0.014531893004115226 0.6705246913580247 0.014660493827160493 0.012345679012345678
0 0.8549382716049383 0.668016975308642 0.007716049382716049 0.013503086419753086
0 0.6370884773662552 0.6768904320987654 0.01748971193415638 0.03202160493827161
0 0.7722479423868313 0.6726466049382716 0.019804526748971193 0.03510802469135803
0 0.9836676954732511 0.6759259259259259 0.03266460905349794 0.043209876543209874
0 0.6943158436213992 0.6603009259259259 0.016718106995884774 0.015817901234567902
0 0.6530349794238683 0.6664737654320988 0.021604938271604937 0.03202160493827161
0 0.6725823045267489 0.6572145061728395 0.010802469135802469 0.018132716049382717
0 0.8029835390946503 0.6568287037037037 0.01646090534979424 0.018132716049382717
0 0.7489711934156379 0.6952160493827161 0.03137860082304527 0.09722222222222222
0 0.7438271604938271 0.6529706790123457 0.00823045267489712 0.013503086419753086
0 0.34310699588477367 0.6533564814814815 0.014917695473251029 0.017361111111111112
0 0.694701646090535 0.7096836419753086 0.05092592592592592 0.13387345679012347
0 0.823045267489712 0.8063271604938271 0.05452674897119342 0.33101851851851855
0 0.48225308641975306 0.6498842592592593 0.015432098765432098 0.021219135802469136
0 0.05156893004115226 0.6469907407407407 0.006944444444444444 0.017746913580246913
0 0.9548611111111112 0.6440972222222222 0.014146090534979424 0.01427469135802469
0 0.98559670781893 0.6440972222222222 0.020061728395061727 0.016589506172839507
0 0.3316615226337449 0.6502700617283951 0.014660493827160493 0.028935185185185185
0 0.6878858024691358 0.644483024691358 0.018775720164609055 0.025848765432098766
0 0.6350308641975309 0.6439043209876543 0.024691358024691357 0.024691358024691357
0 0.9184670781893004 0.6408179012345679 0.01131687242798354 0.023148148148148147
0 0.8337191358024691 0.6344521604938271 0.016718106995884774 0.01273148148148148
0 0.474022633744856 0.6350308641975309 0.00720164609053498 0.013888888888888888
0 0.25141460905349794 0.6325231481481481 0.009002057613168725 0.011188271604938271
0 0.7654320987654321 0.6325231481481481 0.0102880658436214 0.011959876543209876
0 0.7403549382716049 0.6224922839506173 0.007973251028806584 0.011959876543209876
0 0.6754115226337448 0.6221064814814815 0.009259259259259259 0.013503086419753086
0 0.7066615226337448 0.6238425925925926 0.013117283950617283 0.021604938271604937
0 0.2199074074074074 0.6149691358024691 0.01646090534979424 0.016975308641975308
0 0.6847993827160493 0.6128472222222222 0.009516460905349794 0.015046296296296295
0 0.011574074074074073 0.6101466049382716 0.010802469135802469 0.009645061728395061
0 0.20023148148148148 0.6078317901234568 0.007458847736625514 0.011188271604938271
0 0.6905864197530864 0.6147762345679012 0.01954732510288066 0.02816358024691358
0 0.24511316872427982 0.6051311728395061 0.009259259259259259 0.011188271604938271
0 0.7699331275720165 0.6043595679012346 0.008487654320987654 0.01273148148148148
0 0.9052211934156379 0.6005015432098766 0.004886831275720165 0.015817901234567902
0 0.9666923868312757 0.6101466049382716 0.03780864197530864 0.03665123456790124
0 0.8361625514403292 0.609375 0.01800411522633745 0.03819444444444445
0 0.8117283950617284 0.6136188271604939 0.027777777777777776 0.060570987654320986
0 0.7132201646090535 0.5931712962962963 0.00720164609053498 0.019675925925925927
0 0.006687242798353909 0.5891203703703703 0.013374485596707819 0.013888888888888888
0 0.9921553497942387 0.5868055555555556 0.012602880658436214 0.017746913580246913
0 0.32420267489711935 0.5787037037037037 0.008487654320987654 0.011574074074074073
0 0.33397633744855965 0.6028163580246914 0.027520576131687242 0.06365740740740741
0 0.3541666666666667 0.5563271604938271 0.00720164609053498 0.013117283950617283
0 0.7604166666666666 0.5565200617283951 0.022376543209876542 0.03356481481481482
0 0.3025977366255144 0.5497685185185185 0.022376543209876542 0.02546296296296296
0 0.33629115226337447 0.5482253086419753 0.018261316872427984 0.027777777777777776
0 0.9309413580246914 0.5435956790123457 0.009002057613168725 0.020061728395061727
0 0.98559670781893 0.5466820987654321 0.016975308641975308 0.030864197530864196
0 0.7647890946502057 0.5443672839506173 0.019804526748971193 0.033950617283950615
0 0.6649948559670782 0.5310570987654321 0.013117283950617283 0.01273148148148148
0 0.9223251028806584 0.5322145061728395 0.00720164609053498 0.015817901234567902
0 0.7384259259259259 0.5459104938271605 0.021604938271604937 0.04552469135802469
0 0.009002057613168725 0.5472608024691358 0.01800411522633745 0.04822530864197531
0 0.268261316872428 0.6932870370370371 0.10648148148148148 0.3410493827160494
0 0.3245884773662551 0.5264274691358025 0.01440329218106996 0.011188271604938271
0 0.9602623456790124 0.5543981481481481 0.041923868312757205 0.08564814814814815
0 0.9252829218106996 0.5208333333333334 0.011059670781893004 0.022376543209876542
0 0.7336676954732511 0.5142746913580247 0.010030864197530864 0.019290123456790122
0 0.3204732510288066 0.5125385802469136 0.00874485596707819 0.019675925925925927
0 0.6922582304526749 0.5435956790123457 0.05787037037037037 0.08333333333333333
0 0.9138374485596708 0.5081018518518519 0.006687242798353909 0.016203703703703703
0 0.9493312757201646 0.5040509259259259 0.00823045267489712 0.011959876543209876
0 0.8413065843621399 0.4984567901234568 0.00977366255144033 0.012345679012345678
0 0.9241255144032922 0.49787808641975306 0.00874485596707819 0.02353395061728395
0 0.0688014403292181 0.49691358024691357 0.009002057613168725 0.022376543209876542
0 0.8168724279835391 0.5283564814814815 0.05452674897119342 0.11149691358024691
0 0.7650462962962963 0.4801311728395062 0.013631687242798354 0.024305555555555556
0 0.08822016460905349 0.47164351851851855 0.007716049382716049 0.01273148148148148
0 0.6629372427983539 0.45929783950617287 0.009002057613168725 0.015046296296296295
0 0.7506430041152263 0.45929783950617287 0.014146090534979424 0.018132716049382717
0 0.8104423868312757 0.4515817901234568 0.00720164609053498 0.015817901234567902
0 0.6864711934156379 0.4799382716049383 0.047325102880658436 0.07407407407407407
0 0.7139917695473251 0.4556327160493827 0.014917695473251029 0.037037037037037035
0 0.6974022633744856 0.4378858024691358 0.010030864197530864 0.009259259259259259
0 0.9161522633744856 0.44290123456790126 0.00565843621399177 0.031635802469135804
0 0.8481224279835391 0.4390432098765432 0.03832304526748971 0.02700617283950617
0 0.9290123456790124 0.44830246913580246 0.01594650205761317 0.04861111111111111
0 0.9619341563786008 0.4564043209876543 0.02880658436213992 0.07021604938271606
0 0.14737654320987653 0.4245756172839506 0.00874485596707819 0.013503086419753086
0 0.8823302469135802 0.42496141975308643 0.018261316872427984 0.019675925925925927
0 0.8734567901234568 0.529320987654321 0.07150205761316872 0.2337962962962963
0 0.7303240740740741 0.41261574074074076 0.008487654320987654 0.021219135802469136
0 0.9597479423868313 0.41705246913580246 0.007973251028806584 0.030864197530864196
0 0.19637345679012347 0.404320987654321 0.009002057613168725 0.009259259259259259
0 0.9884259259259259 0.39988425925925924 0.00977366255144033 0.013503086419753086
0 0.7179783950617284 0.39525462962962965 0.005401234567901234 0.013503086419753086
0 0.760545267489712 0.40046296296296297 0.035493827160493825 0.05864197530864197
0 0.9723508230452675 0.38040123456790126 0.006430041152263375 0.019290123456790122
0 0.9753086419753086 0.39448302469135804 0.01440329218106996 0.048996913580246916
0 0.03742283950617284 0.37287808641975306 0.006430041152263375 0.010416666666666666
0 0.059670781893004114 0.42592592592592593 0.035493827160493825 0.1257716049382716
0 0.19418724279835392 0.3744212962962963 0.030864197530864196 0.03433641975308642
0 0.11496913580246913 0.3616898148148148 0.01131687242798354 0.011959876543209876
0 0.960133744855967 0.36226851851851855 0.00874485596707819 0.015432098765432098
0 0.12281378600823045 0.42727623456790126 0.0676440329218107 0.14776234567901234
0 0.046424897119341564 0.3559027777777778 0.007458847736625514 0.015817901234567902
0 0.07175925925925926 0.35648148148148145 0.012345679012345678 0.017746913580246913
0 0.1997170781893004 0.35185185185185186 0.026491769547325104 0.02700617283950617
0 0.9338991769547325 0.35204475308641975 0.009259259259259259 0.02816358024691358
0 0.9738940329218106 0.3377700617283951 0.009516460905349794 0.018132716049382717
0 0.7716049382716049 0.3449074074074074 0.010802469135802469 0.033179012345679014
0 0.36085390946502055 0.33429783950617287 0.00977366255144033 0.011959876543209876
0 0.06622942386831275 0.3341049382716049 0.009002057613168725 0.016975308641975308
0 0.14223251028806586 0.3271604938271605 0.00874485596707819 0.016203703703703703
0 0.9323559670781894 0.326195987654321 0.00977366255144033 0.018132716049382717
0 0.11599794238683128 0.3306327160493827 0.044753086419753084 0.05015432098765432
0 0.925025720164609 0.29899691358024694 0.012602880658436214 0.021604938271604937
0 0.7379115226337448 0.32330246913580246 0.03137860082304527 0.07947530864197531
0 0.3168724279835391 0.28761574074074076 0.0102880658436214 0.008873456790123456
0 0.060699588477366256 0.2820216049382716 0.027777777777777776 0.010802469135802469
0 0.03819444444444445 0.3931327160493827 0.0763888888888889 0.24074074074074073
0 0.03755144032921811 0.27372685185185186 0.006687242798353909 0.016589506172839507
0 0.08153292181069959 0.27276234567901236 0.009259259259259259 0.015432098765432098
0 0.9224537037037037 0.2681327160493827 0.015174897119341564 0.019290123456790122
0 0.7354681069958847 0.27372685185185186 0.02546296296296296 0.03202160493827161
0 0.7139917695473251 0.27662037037037035 0.013888888888888888 0.04552469135802469
0 0.7366255144032922 0.25655864197530864 0.007716049382716049 0.013888888888888888
0 0.06455761316872428 0.25945216049382713 0.02109053497942387 0.027391975308641976
0 0.9962705761316872 0.25829475308641975 0.007458847736625514 0.03202160493827161
0 0.7919238683127572 0.2492283950617284 0.01440329218106996 0.020061728395061727
0 0.15162037037037038 0.24189814814814814 0.006944444444444444 0.013888888888888888
0 0.08873456790123457 0.24054783950617284 0.01131687242798354 0.011959876543209876
0 0.017618312757201646 0.24189814814814814 0.006944444444444444 0.014660493827160493
0 0.9899691358024691 0.24672067901234568 0.011831275720164609 0.028935185185185185
0 0.9692644032921811 0.24344135802469136 0.016718106995884774 0.031635802469135804
0 0.7244084362139918 0.24151234567901234 0.013117283950617283 0.0470679012345679
0 0.7097479423868313 0.22492283950617284 0.012602880658436214 0.026234567901234566
0 0.7052469135802469 0.21026234567901234 0.00874485596707819 0.012345679012345678
0 0.9004629629629629 0.19714506172839505 0.01131687242798354 0.013117283950617283
0 0.9354423868312757 0.19926697530864199 0.022119341563786008 0.024305555555555556
0 0.9359567901234568 0.23032407407407407 0.03960905349794239 0.09876543209876543
0 0.7971965020576132 0.20023148148148148 0.023919753086419752 0.040123456790123455
0 0.9753086419753086 0.1886574074074074 0.029835390946502057 0.022376543209876542
0 0.6971450617283951 0.18460648148148148 0.007973251028806584 0.01890432098765432
0 0.9324845679012346 0.15933641975308643 0.012602880658436214 0.017746913580246913
0 0.013245884773662552 0.21180555555555555 0.026491769547325104 0.12345679012345678
0 0.9342849794238683 0.1413966049382716 0.007973251028806584 0.018132716049382717
0 0.8879886831275721 0.13445216049382716 0.006430041152263375 0.018132716049382717
0 0.0261059670781893 0.13638117283950618 0.018261316872427984 0.02970679012345679
0 0.791795267489712 0.15297067901234568 0.02546296296296296 0.06905864197530864
0 0.8558384773662552 0.12422839506172839 0.020833333333333332 0.014660493827160493
0 0.7336676954732511 0.13599537037037038 0.019804526748971193 0.03973765432098766
0 0.7021604938271605 0.16203703703703703 0.02263374485596708 0.0941358024691358
0 0.9426440329218106 0.140625 0.02109053497942387 0.056712962962962965
0 0.9791666666666666 0.11631944444444445 0.013374485596707819 0.015046296296296295
0 0.7264660493827161 0.11574074074074074 0.015689300411522635 0.019290123456790122
0 0.7002314814814815 0.11226851851851852 0.010030864197530864 0.015432098765432098
0 0.8876028806584362 0.11265432098765432 0.0102880658436214 0.022376543209876542
0 0.7276234567901234 0.09664351851851852 0.01800411522633745 0.016589506172839507
0 0.7880658436213992 0.10860339506172839 0.01800411522633745 0.04128086419753087
0 0.9952417695473251 0.10185185185185185 0.009516460905349794 0.05015432098765432
0 0.051183127572016464 0.08854166666666667 0.015432098765432098 0.02507716049382716
0 0.8919753086419753 0.08680555555555555 0.01131687242798354 0.032407407407407406
0 0.060570987654320986 0.07542438271604938 0.006944444444444444 0.013503086419753086
0 0.8488940329218106 0.2488425925925926 0.12474279835390946 0.3611111111111111
0 0.31815843621399176 0.07368827160493827 0.007716049382716049 0.013888888888888888
0 0.7554012345679012 0.1545138888888889 0.05246913580246913 0.19945987654320987
0 0.9418724279835391 0.06172839506172839 0.015432098765432098 0.020833333333333332
0 0.814429012345679 0.09278549382716049 0.02854938271604938 0.09143518518518519
0 0.9906121399176955 0.05246913580246913 0.007458847736625514 0.016975308641975308
0 0.7066615226337448 0.05787037037037037 0.009002057613168725 0.037037037037037035
0 0.016203703703703703 0.08043981481481481 0.032407407407407406 0.08526234567901235
0 0.8820730452674898 0.07658179012345678 0.021862139917695474 0.0798611111111111
0 0.006558641975308642 0.04456018518518518 0.011059670781893004 0.024305555555555556
0 0.8680555555555556 0.04610339506172839 0.02109053497942387 0.030478395061728395
0 0.8795010288065843 0.03452932098765432 0.011059670781893004 0.011188271604938271
0 0.760545267489712 0.03915895061728395 0.01131687242798354 0.02044753086419753
0 0.8921039094650206 0.029128086419753087 0.007973251028806584 0.013503086419753086
0 0.061342592592592594 0.03935185185185185 0.043467078189300415 0.038580246913580245
0 0.9979423868312757 0.02816358024691358 0.00411522633744856 0.022376543209876542
0 0.7584876543209876 0.02141203703703704 0.00977366255144033 0.015046296296296295
0 0.8287037037037037 0.01716820987654321 0.00874485596707819 0.019675925925925927
0 0.9872685185185185 0.015625 0.022376543209876542 0.03125
0 0.9724794238683128 0.010609567901234568 0.00565843621399177 0.021219135802469136
0 0.8882458847736625 0.007523148148148148 0.012088477366255145 0.015046296296296295
0 0.8378343621399177 0.011188271604938271 0.018775720164609055 0.022376543209876542
0 0.8188014403292181 0.006751543209876543 0.011574074074074073 0.013503086419753086
0 0.761059670781893 0.007908950617283951 0.00874485596707819 0.015817901234567902
0 0.5609567901234568 0.010223765432098766 0.018518518518518517 0.02044753086419753
0 0.3757716049382716 0.5 0.6846707818930041 1.0
0 0.03922325102880658 0.008680555555555556 0.009002057613168725 0.017361111111111112
