0 0.9923611111111111 0.9871527777777778 0.015277777777777777 0.025694444444444443
0 0.5525462962962963 0.9864583333333333 0.015277777777777777 0.025694444444444443
0 0.5476851851851852 0.9649305555555555 0.016666666666666666 0.022916666666666665
0 0.6585648148148148 0.9614583333333333 0.07175925925925926 0.04513888888888889
0 0.4474537037037037 0.95625 0.018055555555555554 0.034722222222222224
0 0.9842592592592593 0.9461805555555556 0.025 0.017361111111111112
0 0.5817129629629629 0.9458333333333333 0.0412037037037037 0.04722222222222222
0 0.9826388888888888 0.9236111111111112 0.034722222222222224 0.02361111111111111
0 0.42407407407407405 0.9350694444444444 0.025925925925925925 0.05625
0 0.6300925925925925 0.9076388888888889 0.019444444444444445 0.029166666666666667
0 0.9868055555555556 0.8930555555555556 0.02638888888888889 0.03194444444444444
0 0.7074074074074074 0.884375 0.01574074074074074 0.021527777777777778
0 0.637962962962963 0.8743055555555556 0.014814814814814815 0.018055555555555554
0 0.13541666666666666 0.8690972222222222 0.020833333333333332 0.02013888888888889
0 0.9719907407407408 0.8625 0.027314814814814816 0.02638888888888889
0 0.8650462962962963 0.8440972222222223 0.020833333333333332 0.04097222222222222
0 0.6451388888888889 0.8416666666666667 0.05138888888888889 0.05555555555555555
0 0.8208333333333333 0.80625 0.014814814814814815 0.020833333333333332
0 0.9909722222222223 0.7954861111111111 0.018055555555555554 0.034027777777777775
0 0.9710648148148148 0.8107638888888888 0.02361111111111111 0.07569444444444444
0 0.85625 0.7809027777777777 0.02175925925925926 0.025694444444444443
0 0.8784722222222222 0.778125 0.013425925925925926 0.02847222222222222
0 0.8118055555555556 0.7666666666666667 0.014351851851851852 0.018055555555555554
0 0.9909722222222223 0.7645833333333333 0.018055555555555554 0.027777777777777776
0 0.98125 0.7388888888888889 0.02638888888888889 0.022222222222222223
0 0.8858796296296296 0.7416666666666667 0.013425925925925926 0.03194444444444444
0 0.6643518518518519 0.7225694444444445 0.012962962962962963 0.027083333333333334
0 0.6754629629629629 0.7072916666666667 0.021296296296296296 0.049305555555555554
0 0.8331018518518518 0.7059027777777778 0.060648148148148145 0.07430555555555556
0 0.9173611111111111 0.671875 0.016203703703703703 0.024305555555555556
0 0.8467592592592592 0.6694444444444444 0.01574074074074074 0.05
0 0.742824074074074 0.7274305555555556 0.10787037037037037 0.16597222222222222
0 0.7351851851851852 0.6611111111111111 0.017592592592592594 0.0375
0 0.874537037037037 0.6597222222222222 0.021296296296296296 0.0375
0 0.913425925925926 0.6340277777777777 0.020370370370370372 0.044444444444444446
0 0.84375 0.621875 0.01898148148148148 0.022916666666666665
0 0.7777777777777778 0.6236111111111111 0.017592592592592594 0.041666666666666664
0 0.7150462962962963 0.6170138888888889 0.024537037037037038 0.03680555555555556
0 0.8638888888888889 0.7989583333333333 0.2722222222222222 0.40208333333333335
0 0.8939814814814815 0.60625 0.016666666666666666 0.022222222222222223
0 0.9472222222222222 0.6100694444444444 0.019444444444444445 0.03958333333333333
0 0.8583333333333333 0.5833333333333334 0.027777777777777776 0.03888888888888889
0 0.8282407407407407 0.5739583333333333 0.02962962962962963 0.04236111111111111
0 0.8472222222222222 0.55625 0.027777777777777776 0.02361111111111111
0 0.7907407407407407 0.5486111111111112 0.022222222222222223 0.020833333333333332
0 0.6842592592592592 0.5538194444444444 0.016666666666666666 0.04097222222222222
0 0.7034722222222223 0.5607638888888888 0.01990740740740741 0.059027777777777776
0 0.7326388888888888 0.5607638888888888 0.01898148148148148 0.07291666666666667
0 0.8400462962962963 0.5215277777777778 0.020833333333333332 0.016666666666666666
0 0.7046296296296296 0.5114583333333333 0.019444444444444445 0.027083333333333334
0 0.4048611111111111 0.5045138888888889 0.0125 0.034027777777777775
0 0.7296296296296296 0.4465277777777778 0.05185185185185185 0.08611111111111111
0 0.9780092592592593 0.34097222222222223 0.022685185185185187 0.044444444444444446
0 0.9613425925925926 0.32430555555555557 0.01898148148148148 0.016666666666666666
0 0.6930555555555555 0.24513888888888888 0.027777777777777776 0.027777777777777776
0 0.3541666666666667 0.5871527777777777 0.7083333333333334 0.8256944444444444
0 0.5995370370370371 0.14548611111111112 0.023148148148148147 0.06041666666666667
0 0.6655092592592593 0.1440972222222222 0.10324074074074074 0.12569444444444444
0 0.6796296296296296 0.042708333333333334 0.01574074074074074 0.02847222222222222
0 0.731712962962963 0.03819444444444445 0.01898148148148148 0.04722222222222222
0 0.8560185185185185 0.28229166666666666 0.287962962962963 0.5645833333333333
0 0.6381944444444444 0.04618055555555556 0.06342592592592593 0.09236111111111112
