0 0.9242021276595744 0.8546099290780141 0.0398936170212766 0.07328605200945626
0 0.7593085106382979 0.549645390070922 0.05319148936170213 0.13002364066193853
0 0.7280585106382979 0.5011820330969267 0.0598404255319149 0.07565011820330969
0 0.7420212765957447 0.3392434988179669 0.10106382978723404 0.2293144208037825
0 0.4428191489361702 0.6063829787234043 0.8856382978723404 0.7872340425531915
0 0.3670212765957447 0.2470449172576832 0.16489361702127658 0.20094562647754138
0 0.9408244680851063 0.4574468085106383 0.11835106382978723 0.6879432624113475
0 0.22872340425531915 0.15130023640661938 0.061170212765957445 0.08983451536643026
0 0.09840425531914894 0.14657210401891252 0.034574468085106384 0.08037825059101655
0 0.84375 0.15721040189125296 0.04654255319148936 0.22458628841607564
0 0.949468085106383 0.024822695035460994 0.10106382978723404 0.04964539007092199
0 0.7253989361702128 0.10047281323877069 0.13962765957446807 0.20094562647754138
0 0.5059840425531915 0.12647754137115838 0.0625 0.25295508274231676
0 0.12965425531914893 0.08865248226950355 0.06515957446808511 0.1773049645390071
