0 0.8525641025641025 0.9464692482915718 0.028205128205128206 0.1070615034168565
0 0.7121794871794872 0.9464692482915718 0.05 0.1070615034168565
0 0.7576923076923077 0.9362186788154897 0.041025641025641026 0.1275626423690205
0 0.38653846153846155 0.9214123006833713 0.05512820512820513 0.1571753986332574
0 0.532051282051282 0.9031890660592256 0.23333333333333334 0.19362186788154898
0 0.8512820512820513 0.8405466970387244 0.028205128205128206 0.08656036446469248
0 0.4596153846153846 0.6765375854214123 0.04230769230769231 0.14123006833712984
0 0.9814102564102564 0.7585421412300684 0.03717948717948718 0.4646924829157175
0 0.9705128205128205 0.40888382687927105 0.05897435897435897 0.1070615034168565
0 0.9442307692307692 0.2460136674259681 0.09358974358974359 0.214123006833713
0 0.8083333333333333 0.23348519362186787 0.13205128205128205 0.23006833712984054
0 0.37756410256410255 0.5 0.7551282051282051 1.0
