0 0.703125 0.922365988909427 0.04583333333333333 0.08502772643253234
0 0.146875 0.8502772643253235 0.04583333333333333 0.24029574861367836
0 0.7026041666666667 0.7421441774491682 0.03854166666666667 0.04251386321626617
0 0.6385416666666667 0.8364140480591498 0.17708333333333334 0.32717190388170053
0 0.4265625 0.6293900184842883 0.046875 0.08317929759704251
0 0.2140625 0.7486136783733827 0.08020833333333334 0.5027726432532348
0 0.3302083333333333 0.4510166358595194 0.03958333333333333 0.08502772643253234
0 0.36302083333333335 0.678373382624769 0.19270833333333334 0.6432532347504621
0 0.2125 0.3632162661737523 0.041666666666666664 0.053604436229205174
0 0.64375 0.22273567467652494 0.03333333333333333 0.05730129390018484
0 0.7041666666666667 0.21903881700554528 0.041666666666666664 0.06839186691312385
0 0.3703125 0.16081330868761554 0.021875 0.07024029574861368
0 0.3255208333333333 0.13863216266173753 0.04895833333333333 0.09611829944547134
0 0.5296875 0.10536044362292052 0.036458333333333336 0.066543438077634
0 0.328125 0.033271719038817 0.03333333333333333 0.059149722735674676
