0 0.07583333333333334 0.83875 0.04666666666666667 0.02
0 0.32208333333333333 0.855 0.06916666666666667 0.065
0 0.31333333333333335 0.83625 0.03333333333333333 0.04
0 0.2775 0.830625 0.03666666666666667 0.02875
0 0.90625 0.785625 0.1875 0.11625
0 0.6729166666666667 0.73625 0.04416666666666667 0.0325
0 0.7275 0.755 0.045 0.075
0 0.5720833333333334 0.73625 0.035833333333333335 0.0375
0 0.7845833333333333 0.71375 0.04083333333333333 0.045
0 0.82 0.720625 0.06166666666666667 0.06625
0 0.41208333333333336 0.720625 0.0825 0.07375
0 0.21083333333333334 0.700625 0.04 0.03625
0 0.63125 0.710625 0.060833333333333336 0.07625
0 0.34708333333333335 0.756875 0.6941666666666667 0.17375
0 0.57 0.691875 0.051666666666666666 0.04875
0 0.37333333333333335 0.671875 0.03833333333333333 0.03125
0 0.7958333333333333 0.659375 0.04 0.02625
0 0.30041666666666667 0.68 0.07083333333333333 0.08
0 0.97625 0.64375 0.04416666666666667 0.03
0 0.21583333333333332 0.444375 0.03666666666666667 0.05375
0 0.09625 0.46375 0.1925 0.15
0 0.5970833333333333 0.460625 0.6491666666666667 0.38875
