0 0.06096813725490196 0.8654003267973857 0.00980392156862745 0.012663398692810458
0 0.004136029411764706 0.8482434640522876 0.008272058823529412 0.020833333333333332
0 0.011029411764705883 0.8223039215686274 0.022058823529411766 0.032679738562091505
0 0.028186274509803922 0.8059640522875817 0.011642156862745098 0.013071895424836602
0 0.037377450980392156 0.8006535947712419 0.007352941176470588 0.013888888888888888
0 0.12974877450980393 0.8020833333333334 0.013174019607843137 0.03145424836601307
0 0.01608455882352941 0.7916666666666666 0.027879901960784315 0.031862745098039214
0 0.04764093137254902 0.7602124183006536 0.010723039215686275 0.016339869281045753
0 0.29381127450980393 0.7504084967320261 0.011642156862745098 0.02042483660130719
0 0.26409313725490197 0.7310049019607843 0.012867647058823529 0.013480392156862746
0 0.2728247549019608 0.7048611111111112 0.010723039215686275 0.020833333333333332
0 0.9960171568627451 0.6999591503267973 0.007965686274509803 0.01919934640522876
0 0.9419424019607843 0.6809640522875817 0.010723039215686275 0.013888888888888888
0 0.9024203431372549 0.6787173202614379 0.010723039215686275 0.024101307189542485
0 0.3272058823529412 0.6680964052287581 0.012867647058823529 0.01184640522875817
0 0.9250919117647058 0.6823937908496732 0.033394607843137254 0.042075163398692814
0 0.40839460784313725 0.653390522875817 0.00857843137254902 0.020833333333333332
0 0.6374080882352942 0.6360294117647058 0.0272671568627451 0.04656862745098039
0 0.6136642156862745 0.6190767973856209 0.011642156862745098 0.034722222222222224
0 0.6441482843137255 0.6047794117647058 0.008272058823529412 0.014297385620915032
0 0.6239276960784313 0.5955882352941176 0.007659313725490196 0.013888888888888888
0 0.5 0.7912581699346405 1.0 0.41748366013071897
0 0.5602022058823529 0.5915032679738562 0.01133578431372549 0.02696078431372549
0 0.6351102941176471 0.5839460784313726 0.02144607843137255 0.026552287581699346
0 0.5467218137254902 0.5608660130718954 0.029105392156862746 0.0196078431372549
0 0.6300551470588235 0.5461601307189542 0.024816176470588234 0.04738562091503268
0 0.5943627450980392 0.5496323529411765 0.024509803921568627 0.06413398692810457
0 0.21691176470588236 0.5253267973856209 0.07291666666666667 0.08251633986928104
0 0.6144301470588235 0.46691176470588236 0.012561274509803922 0.017973856209150325
0 0.6830575980392157 0.3159722222222222 0.012561274509803922 0.03145424836601307
0 0.46308210784313725 0.26409313725490197 0.01133578431372549 0.024918300653594773
0 0.7251838235294118 0.17463235294117646 0.01715686274509804 0.014297385620915032
0 0.5094975490196079 0.36437908496732024 0.41299019607843135 0.5253267973856209
