0 0.03717948717948718 0.693621867881549 0.07435897435897436 0.0888382687927107
0 0.48525641025641025 0.7300683371298405 0.05512820512820513 0.17995444191343962
0 0.24487179487179486 0.6856492027334852 0.08205128205128205 0.1776765375854214
0 0.40192307692307694 0.6446469248291572 0.019230769230769232 0.1366742596810934
0 0.2326923076923077 0.6002277904328018 0.03461538461538462 0.07517084282460136
0 0.18205128205128204 0.6503416856492027 0.05641025641025641 0.22095671981776766
0 0.12435897435897436 0.6207289293849658 0.06666666666666667 0.17084282460136674
0 0.4641025641025641 0.5842824601366743 0.023076923076923078 0.1070615034168565
0 0.975 0.5660592255125285 0.05 0.19817767653758542
0 0.4025641025641026 0.4783599088838269 0.03333333333333333 0.0774487471526196
0 0.7448717948717949 0.5603644646924829 0.4076923076923077 0.4419134396355353
0 0.4596153846153846 0.33712984054669703 0.12435897435897436 0.3416856492027335
0 0.43653846153846154 0.05808656036446469 0.10128205128205128 0.11617312072892938
