0 0.5123333333333333 0.9674143038510368 0.04533333333333334 0.04739737621667372
0 0.9915 0.8110452814219213 0.017 0.013118916631400761
0 0.059166666666666666 0.8101988997037664 0.11833333333333333 0.11214557765552265
0 0.07333333333333333 0.7319085907744393 0.018 0.019889970376639865
0 0.060833333333333336 0.7179432924248836 0.011 0.012272534913245875
0 0.0845 0.720694033008887 0.011666666666666667 0.018620397799407534
0 0.1 0.711595429538722 0.015333333333333332 0.015658061785865426
0 0.06616666666666667 0.7033432077867118 0.009 0.01184934405416843
0 0.14183333333333334 0.6969953449005502 0.023 0.03639441388066018
0 0.043333333333333335 0.6718154887854423 0.016 0.010579771476936098
0 0.16066666666666668 0.654464663563267 0.012 0.022429115531104528
0 0.1805 0.6476936098180279 0.024333333333333332 0.015658061785865426
0 0.119 0.6330935251798561 0.008666666666666666 0.011002962336013541
0 0.18816666666666668 0.6191282268303004 0.014333333333333333 0.01523487092678798
0 0.0335 0.6074904782056707 0.009666666666666667 0.02158273381294964
0 0.083 0.5833685992382565 0.013333333333333334 0.013118916631400761
0 0.138 0.5719424460431655 0.01 0.016504443504020312
0 0.15116666666666667 0.5888700804062632 0.030333333333333334 0.07405840033855268
0 0.15916666666666668 0.5393567498942022 0.010333333333333333 0.01396529834955565
0 0.057166666666666664 0.5368176047397376 0.017666666666666667 0.02496826068556919
0 0.15883333333333333 0.5209479475243335 0.010333333333333333 0.010156580617858655
0 0.13116666666666665 0.33770630554380027 0.008333333333333333 0.016927634363097757
0 0.12466666666666666 0.33008887008040627 0.016666666666666666 0.026237833262801522
0 0.059333333333333335 0.4365213711383834 0.11866666666666667 0.28480744815911974
0 0.30133333333333334 0.07913669064748201 0.023333333333333334 0.021159542953872196
0 0.5645 0.42530681337283116 0.871 0.8506136267456623
