0 0.553 0.9860853432282004 0.056 0.027829313543599257
0 0.12 0.9591836734693877 0.24 0.08163265306122448
0 0.721 0.9452690166975881 0.206 0.10946196660482375
0 0.6035 0.9155844155844156 0.057 0.09833024118738404
0 0.2925 0.8923933209647495 0.127 0.11131725417439703
0 0.396 0.8617810760667903 0.052 0.07606679035250463
0 0.771 0.8218923933209648 0.044 0.06679035250463822
0 0.7135 0.7949907235621522 0.053 0.10204081632653061
0 0.506 0.7782931354359925 0.108 0.17625231910946196
0 0.685 0.7207792207792207 0.064 0.09090909090909091
0 0.905 0.8256029684601113 0.19 0.34879406307977734
0 0.3735 0.7458256029684601 0.101 0.20037105751391465
0 0.4295 0.6038961038961039 0.049 0.08719851576994433
0 0.6285 0.601113172541744 0.093 0.1038961038961039
0 0.02 0.48515769944341375 0.038 0.061224489795918366
0 0.939 0.4359925788497217 0.116 0.3079777365491651
0 0.9255 0.24489795918367346 0.027 0.06307977736549165
0 0.7785 0.42857142857142855 0.223 0.45269016697588127
