0 0.3345 0.9908952959028832 0.04033333333333333 0.01618614061709661
0 0.534 0.9845725847243298 0.015333333333333332 0.010622154779969651
0 0.2725 0.9855842185128983 0.083 0.028831562974203338
0 0.25716666666666665 0.9653515427415276 0.035666666666666666 0.01669195751138088
0 0.27116666666666667 0.9489124936772888 0.053 0.035407182599898834
0 0.4925 0.947395042994436 0.09766666666666667 0.10015174506828528
0 0.767 0.8791097622660596 0.016 0.008093070308548306
0 0.8326666666666667 0.8755690440060698 0.022 0.013151239251390997
0 0.9435 0.8267577137076378 0.03166666666666667 0.02175012645422357
0 0.909 0.8300455235204856 0.034666666666666665 0.03237228123419322
0 0.8455 0.7640364188163885 0.010333333333333333 0.017703591299949417
0 0.902 0.7665655032878098 0.026 0.0278199291856348
0 0.722 0.7526555386949925 0.007333333333333333 0.01719777440566515
0 0.8336666666666667 0.7941325240263025 0.114 0.11026808295397066
0 0.5605 0.7506322711178554 0.047 0.04451188669701568
0 0.764 0.7415275670207385 0.012 0.03237228123419322
0 0.8696666666666667 0.7486090035407182 0.038 0.04957005563985837
0 0.7501666666666666 0.7673242286292362 0.055 0.10318664643399089
0 0.054 0.6843702579666161 0.021333333333333333 0.02326757713707638
0 0.0845 0.6325240263024785 0.010333333333333333 0.01568032372281234
0 0.017333333333333333 0.5649974709155285 0.034666666666666665 0.13859382903388973
0 0.03133333333333333 0.496206373292868 0.01 0.02225594334850784
0 0.043333333333333335 0.43525543753161355 0.026 0.06019221041982802
0 0.3636666666666667 0.48659585230146685 0.6686666666666666 0.6231664137582196
