0 0.11951113995241186 0.8296560674886437 0.008436080467229072 0.011031797534068787
0 0.0791693705386113 0.7946138870863076 0.009517629245078953 0.008436080467229072
0 0.06164828033744322 0.7967229072031149 0.017304780445598095 0.03212199870214147
0 0.07246376811594203 0.7873134328358209 0.008652390222799048 0.017845554834523037
0 0.08847069002812027 0.7842310188189487 0.009085009733939001 0.014925373134328358
0 0.08511788881678564 0.77319922128488 0.00800346095608912 0.01427644386761843
0 0.9645252000865239 0.6414665801427645 0.010815487778498811 0.014925373134328358
0 0.9806402768764871 0.6026930564568462 0.00973393900064893 0.008111615833874108
0 0.9564135842526498 0.5965282284231019 0.008436080467229072 0.014600908500973394
0 0.9760977720095176 0.6117780661907852 0.027903958468526932 0.045749513303049966
0 0.9924291585550509 0.5950681375730046 0.015141682889898334 0.0136275146009085
0 0.9033095392602206 0.5778715120051914 0.012113346311918667 0.016223231667748216
0 0.9715552671425481 0.5611615833874107 0.011464417045208739 0.010058403634003893
0 0.9584685269305646 0.5619727449707982 0.016872160934458143 0.016223231667748216
0 0.9394332684404066 0.5678131083711876 0.02509193164611724 0.03244646333549643
0 0.9208306294613887 0.5533744321868916 0.012113346311918667 0.022388059701492536
0 0.8990914990266061 0.5475340687865022 0.006705602422669262 0.014600908500973394
0 0.9381354099069869 0.5420181700194678 0.022063595068137574 0.018494484101232965
0 0.9119619294830197 0.5444516547696301 0.014709063378758382 0.02855288773523686
0 0.981289206143197 0.5365022712524334 0.00800346095608912 0.014600908500973394
0 0.01535799264546831 0.5079493835171967 0.008652390222799048 0.01589876703439325
0 0.9844256975989617 0.5139519792342635 0.013411204845338524 0.02855288773523686
0 0.03936837551373567 0.49042829331602855 0.008219770711659096 0.010058403634003893
0 0.021955440190352584 0.48685918234912395 0.00800346095608912 0.013951979234263466
0 0.009517629245078953 0.4970798182998053 0.019035258490157907 0.04412719013627515
0 0.9598745403417694 0.46674237508111616 0.00973393900064893 0.013951979234263466
0 0.9898334414882111 0.4772874756651525 0.017304780445598095 0.03698896820246593
0 0.9755569976205927 0.4836145360155743 0.02119835604585767 0.05353666450356911
0 0.01946787800129786 0.45425048669695 0.0056240536448193814 0.011031797534068787
0 0.9953493402552455 0.44873458792991566 0.007138221933809215 0.027903958468526932
0 0.024443002379407313 0.4263465282284231 0.006056673155959333 0.011031797534068787
0 0.9843175427211768 0.42748215444516546 0.005840363400389357 0.01719662556781311
0 0.9689595500757084 0.4398118105126541 0.045208738914125024 0.06132381570408826
0 0.9492753623188406 0.40558079169370537 0.014492753623188406 0.030499675535366644
0 0.8804888600475882 0.3755678131083712 0.014492753623188406 0.02693056456846204
0 0.9804239671209172 0.3345230369889682 0.012762275578628596 0.01427644386761843
0 0.9916720744105559 0.33403634003893573 0.016655851178888167 0.037962362102530824
0 0.9804239671209172 0.31521739130434784 0.00973393900064893 0.012005191434133679
0 0.9666882976422236 0.3028877352368592 0.012978585334198572 0.015249837767683322
0 0.9923210036772658 0.30142764438676184 0.01535799264546831 0.016223231667748216
0 0.9711226476314082 0.2855288773523686 0.011031797534068787 0.018170019467878003
0 0.899740428293316 0.2735236859182349 0.00627298291152931 0.010382868267358857
0 0.9143413367942894 0.2671966255678131 0.015574302401038288 0.010707332900713823
0 0.9216958684836686 0.2581116158338741 0.02379407311269738 0.022388059701492536
0 0.9499242915855505 0.2298831927319922 0.00800346095608912 0.012654120700843608
0 0.9690677049534934 0.2454574951330305 0.02855288773523686 0.0463984425697599
0 0.9857235561323816 0.22761194029850745 0.020765736534717714 0.03536664503569111
0 0.9930780878217608 0.19776119402985073 0.013843824356478478 0.020441271901362752
0 0.9100151416828899 0.18478260869565216 0.008652390222799048 0.009409474367293965
0 0.8930348258706468 0.18591823491239454 0.0227125243348475 0.025957170668397145
0 0.9834523036988968 0.1555807916937054 0.021414665801427646 0.022388059701492536
0 0.8852476746701277 0.15882543802725502 0.029201817001946788 0.03212199870214147
0 0.8617780661907852 0.14487345879299157 0.009950248756218905 0.012654120700843608
0 0.8794073112697383 0.13708630759247242 0.006705602422669262 0.010707332900713823
0 0.9231018818948734 0.1299480856586632 0.011031797534068787 0.01719662556781311
0 0.9379191001514168 0.13319273199221285 0.014709063378758382 0.02628163530175211
0 0.9461388708630759 0.12021414665801428 0.008219770711659096 0.010707332900713823
0 0.9470041098853559 0.2644386761842959 0.10599178022928835 0.31408176508760544
0 0.9955656500108155 0.09604153147306943 0.008868699978369024 0.00973393900064893
0 0.9133679428942245 0.1009085009733939 0.0227125243348475 0.022063595068137574
0 0.9786934890763573 0.099935107073329 0.011031797534068787 0.029201817001946788
0 0.9690677049534934 0.08646982478909798 0.013411204845338524 0.021739130434782608
0 0.9439757733073761 0.09166125892277742 0.04153147306943543 0.033419857235561325
0 0.9226692623837335 0.07835820895522388 0.012762275578628596 0.024334847501622323
0 0.9484101232965607 0.06846203763789747 0.0054077438892494055 0.012329656067488644
0 0.9372701708847069 0.06716417910447761 0.009517629245078953 0.011680726800778715
0 0.9074194246160502 0.06846203763789747 0.010382868267358857 0.016223231667748216
0 0.9425697598961713 0.04980532121998702 0.012762275578628596 0.021739130434782608
0 0.9327276660177374 0.01281635301752109 0.008219770711659096 0.008760545100584036
0 0.9556565001081548 0.011680726800778715 0.006489292667099286 0.014925373134328358
0 0.9695003244646333 0.04964308890330954 0.06099935107073329 0.09928617780661908
0 0.9293748648064027 0.005678131083711875 0.011464417045208739 0.01135626216742375
0 0.5 0.5 1.0 1.0
