0 0.31 0.6046337817638266 0.042 0.07025411061285501
0 0.7175 0.648729446935725 0.081 0.17339312406576982
0 0.611 0.647982062780269 0.14 0.20478325859491778
0 0.246 0.5530642750373692 0.046 0.05082212257100149
0 0.1265 0.6165919282511211 0.207 0.19282511210762332
0 0.375 0.5358744394618834 0.062 0.11808669656203288
0 0.489 0.594170403587444 0.158 0.273542600896861
0 0.0165 0.5209267563527653 0.033 0.12705530642750373
0 0.879 0.46263079222720477 0.026 0.052316890881913304
0 0.8555 0.5672645739910314 0.173 0.2795216741405082
