0 0.05525697010413168 0.9875823618854537 0.012428619415518979 0.01469842878864673
0 0.8654685925428284 0.9853015712113533 0.011084984884111521 0.01419158641662443
0 0.07037285858246557 0.9832742017232641 0.024521330198186093 0.02838317283324886
0 0.24269398723547195 0.9700963000506843 0.017803157541148806 0.012164216928535226
0 0.03678199529727914 0.9690826153066396 0.01175680214981525 0.021287379624936646
0 0.5157877057440377 0.9571718195641156 0.026536781995297277 0.01875316776482514
0 0.2366476318441384 0.9503294475418145 0.01645952300974135 0.016218955904713634
0 0.8647967752771246 0.9467815509376584 0.013100436681222707 0.015205271160669031
0 0.1551897883775613 0.9490623416117587 0.012764528048370843 0.020780537252914344
0 0.6321800470272086 0.9424733907754689 0.015451797111185758 0.012671059300557527
0 0.17282499160228418 0.9287886467308667 0.014444071212630165 0.02382159148504815
0 0.7272421901242861 0.9252407501267106 0.018810883439704402 0.017739483020780537
0 0.22858582465569366 0.9265078560567663 0.010413167618407793 0.027369488089204256
0 0.5386294927779643 0.9173846933603649 0.009741350352704065 0.017232640648758235
0 0.2690628149143433 0.9130765331981754 0.009405441719852201 0.015712113532691332
0 0.2843466577091031 0.9054738976178408 0.011084984884111521 0.013684744044602128
0 0.1457843466577091 0.9163710086163204 0.025529056096741685 0.048656867714140906
0 0.7253946926436009 0.900658895083629 0.009069533087000335 0.022301064368981247
0 0.1985220020154518 0.9016725798276736 0.013436345314074572 0.024328433857070453
0 0.18038293584145113 0.910795742524075 0.018810883439704402 0.04257475924987329
0 0.18659724554921062 0.8963507349214395 0.009741350352704065 0.019766852508869743
0 0.7615048706751764 0.8920425747592499 0.01948270070540813 0.01926001013684744
0 0.3604299630500504 0.8920425747592499 0.012764528048370843 0.02939685757729346
0 0.2460530735639906 0.8915357323872276 0.011084984884111521 0.02939685757729346
0 0.27964393684917704 0.8867207298530158 0.017803157541148806 0.02382159148504815
0 0.7331205911991938 0.8826659908768373 0.007725898555592879 0.017739483020780537
0 0.6382264024185421 0.8859604662949823 0.006718172657037286 0.02939685757729346
0 0.15216661068189452 0.8819057273188039 0.013436345314074572 0.024328433857070453
0 0.3271750083977158 0.8801317790167258 0.013436345314074572 0.026862645717181957
0 0.2131340275445079 0.8616320324379118 0.020490426603963722 0.01926001013684744
0 0.37554585152838427 0.8679675620881906 0.024857238831037957 0.03395843892549417
0 0.3485052065838092 0.8621388748099341 0.009069533087000335 0.024328433857070453
0 0.22438696674504535 0.8781044095286366 0.026872690628149145 0.05625950329447542
0 0.34245885119247566 0.8537759756715662 0.012428619415518979 0.02483527622909275
0 0.799630500503863 0.85022807906741 0.014444071212630165 0.019766852508869743
0 0.4378569029224051 0.8646730866700456 0.02720859926100101 0.0496705524581855
0 0.3229761504870675 0.8469336036492651 0.013100436681222707 0.017232640648758235
0 0.064326503191132 0.9128231120121643 0.12260665099093046 0.1500253421186011
0 0.6325159556600605 0.8570704510897111 0.02418542156533423 0.04156107450582869
0 0.3773933490090695 0.8428788646730867 0.013772253946926436 0.016218955904713634
0 0.18794088008061807 0.8573238722757223 0.013772253946926436 0.046122655854029394
0 0.712798118911656 0.8443993917891536 0.008733624454148471 0.022301064368981247
0 0.010245213301981861 0.8568170299036999 0.019818609338259994 0.05727318803852002
0 0.022841787033926773 0.8395843892549417 0.008733624454148471 0.029903699949315764
0 0.1242861941551898 0.8365433350228079 0.02418542156533423 0.04409528636594019
0 0.5349344978165939 0.8208312214901166 0.018474974806852538 0.013684744044602128
0 0.8553913335572724 0.8274201723264065 0.014444071212630165 0.027876330461226558
0 0.46204232448773935 0.824885960466295 0.010413167618407793 0.02382159148504815
0 0.11219348337252268 0.8190572731880386 0.021498152502519314 0.01926001013684744
0 0.868995633187773 0.8122149011657375 0.016123614376889486 0.021794221996958945
0 0.33087000335908634 0.8117080587937151 0.010749076251259657 0.021794221996958945
0 0.06701377225394693 0.801317790167258 0.015115888478333893 0.012164216928535226
0 0.33204568357406783 0.7883933096806893 0.009069533087000335 0.01875316776482514
0 0.8755458515283843 0.7559553978712621 0.013772253946926436 0.015712113532691332
0 0.005710446758481693 0.6915864166244298 0.011420893516963387 0.06234161175874303
0 0.8817601612361438 0.5831221490116574 0.012092710782667115 0.025848960973137353
0 0.8263352368155862 0.2749619868220983 0.010077258985555929 0.021794221996958945
0 0.15602955995969098 0.2617840851495185 0.012428619415518979 0.013684744044602128
0 0.14242526032919045 0.24885960466294982 0.02888814242526033 0.03446528129751647
0 0.1331877729257642 0.2227572225038013 0.020490426603963722 0.01875316776482514
0 0.5267047363117232 0.00506842372022301 0.012764528048370843 0.01013684744044602
0 0.47682230433322137 0.43993917891535733 0.9536446086664427 0.8798783578307147
0 0.21649311387302653 0.008616320324379118 0.01645952300974135 0.017232640648758235
0 0.2022169969768223 0.012671059300557527 0.009405441719852201 0.025342118601115054
