0 0.9557142857142857 0.9946443873179092 0.014857142857142857 0.008140531276778063
0 0.5797142857142857 0.99528706083976 0.010857142857142857 0.009425878320479864
0 0.171 0.9940017137960583 0.012857142857142857 0.011996572407883462
0 0.6334285714285715 0.9937874892887746 0.021714285714285714 0.012425021422450729
0 0.4702857142857143 0.9937874892887746 0.012 0.012425021422450729
0 0.4437142857142857 0.9920736932305055 0.013714285714285714 0.015852613538988862
0 0.8678571428571429 0.9910025706940874 0.03514285714285714 0.017994858611825194
0 0.815 0.9910025706940874 0.026 0.017994858611825194
0 0.20657142857142857 0.9910025706940874 0.012 0.017994858611825194
0 0.7424285714285714 0.9867180805484147 0.011142857142857144 0.011996572407883462
0 0.381 0.9899314481576692 0.008285714285714285 0.020137103684661525
0 0.5068571428571429 0.9886461011139674 0.03257142857142857 0.022707797772065125
0 0.31742857142857145 0.9860754070265638 0.017142857142857144 0.027849185946872322
0 0.4867142857142857 0.9792202227934875 0.032285714285714286 0.026135389888603255
0 0.11185714285714286 0.9787917737789203 0.049428571428571426 0.028706083976006855
0 0.9151428571428571 0.9697943444730077 0.011428571428571429 0.012425021422450729
0 0.3894285714285714 0.9682947729220223 0.017142857142857144 0.01456726649528706
0 0.8931428571428571 0.9680805484147387 0.03142857142857143 0.015852613538988862
0 0.18471428571428572 0.9672236503856041 0.008285714285714285 0.016709511568123392
0 0.1492857142857143 0.963796058269066 0.015142857142857144 0.014995715509854327
0 0.6944285714285714 0.9629391602399314 0.02142857142857143 0.014995715509854327
0 0.47285714285714286 0.9592973436161096 0.022857142857142857 0.017994858611825194
0 0.8291428571428572 0.9725792630676949 0.061714285714285715 0.04541559554413025
0 0.7598571428571429 0.9734361610968295 0.10885714285714286 0.05312767780634105
0 0.2882857142857143 0.9627249357326478 0.021714285714285714 0.03598971722365039
0 0.5268571428571428 0.9530848329048843 0.01657142857142857 0.020137103684661525
0 0.24771428571428572 0.9498714652956298 0.022285714285714287 0.01713796058269066
0 0.76 0.9517994858611826 0.016 0.022707797772065125
0 0.4147142857142857 0.9618680377035133 0.05171428571428571 0.04284490145672665
0 0.14642857142857144 0.9475149957155099 0.03 0.014138817480719794
0 0.44085714285714284 0.9449443016281063 0.006857142857142857 0.02099400171379606
0 0.05714285714285714 0.9408740359897172 0.01657142857142857 0.012853470437017995
0 0.20185714285714285 0.952656383890317 0.026571428571428572 0.044130248500428446
0 0.3137142857142857 0.9488003427592117 0.01657142857142857 0.03898886032562125
0 0.26457142857142857 0.9368037703513282 0.03942857142857143 0.016709511568123392
0 0.014142857142857143 0.9430162810625535 0.023142857142857142 0.031705227077977724
0 0.3384285714285714 0.939802913453299 0.024285714285714285 0.027849185946872322
0 0.183 0.9406598114824336 0.040285714285714286 0.032133676092544985
0 0.378 0.929305912596401 0.011428571428571429 0.015424164524421594
0 0.9294285714285714 0.9323050556983719 0.03142857142857143 0.02313624678663239
0 0.9072857142857143 0.9260925449871465 0.012285714285714285 0.011568123393316195
0 0.5018571428571429 0.9260925449871465 0.015714285714285715 0.014995715509854327
0 0.21928571428571428 0.9243787489288775 0.009428571428571429 0.020137103684661525
0 0.09042857142857143 0.9265209940017138 0.047142857142857146 0.02699228791773779
0 0.4318571428571429 0.9155955441302485 0.008285714285714285 0.011996572407883462
0 0.6425714285714286 0.9215938303341902 0.02057142857142857 0.024850042844901457
0 0.413 0.9134532990574121 0.01685714285714286 0.01456726649528706
0 0.31042857142857144 0.910025706940874 0.015714285714285715 0.01456726649528706
0 0.2827142857142857 0.9145244215938303 0.012285714285714285 0.025278491859468722
0 0.5601428571428572 0.9055269922879178 0.009428571428571429 0.00985432733504713
0 0.015571428571428571 0.9089545844044559 0.015142857142857144 0.016709511568123392
0 0.4362857142857143 0.9055269922879178 0.012571428571428572 0.012425021422450729
0 0.9232857142857143 0.908311910882605 0.023142857142857142 0.02056555269922879
0 0.3177142857142857 0.8924592973436161 0.012 0.01713796058269066
0 0.6028571428571429 0.8922450728363325 0.02 0.01842330762639246
0 0.2824285714285714 0.890745501285347 0.011142857142857144 0.015424164524421594
0 0.10514285714285715 0.8924592973436161 0.019428571428571427 0.018851756640959727
0 0.873 0.9179520137103685 0.07457142857142857 0.07412167952013711
0 0.899 0.8864610111396743 0.012857142857142857 0.022279348757497857
0 0.09271428571428571 0.8873179091688089 0.014 0.02570694087403599
0 0.9718571428571429 0.8736075407026563 0.016285714285714285 0.012853470437017995
0 0.42942857142857144 0.8742502142245073 0.014285714285714285 0.015852613538988862
0 0.3 0.8708226221079691 0.011428571428571429 0.012425021422450729
0 0.017857142857142856 0.8691088260497001 0.015142857142857144 0.011568123393316195
0 0.8735714285714286 0.8757497857754927 0.028285714285714286 0.030848329048843187
0 0.03314285714285714 0.8536846615252784 0.014857142857142857 0.008140531276778063
0 0.5364285714285715 0.8526135389888603 0.015714285714285715 0.010282776349614395
0 0.21728571428571428 0.87146529562982 0.04257142857142857 0.05227077977720651
0 0.6147142857142858 0.9213796058269066 0.2322857142857143 0.1572407883461868
0 0.6061428571428571 0.8395458440445587 0.006571428571428572 0.015852613538988862
0 0.5554285714285714 0.8384747215081405 0.012 0.013710368466152529
0 0.24085714285714285 0.8451156812339332 0.05028571428571429 0.03984575835475578
0 0.727 0.8256212510711225 0.009428571428571429 0.009425878320479864
0 0.6685714285714286 0.8318337617823479 0.05142857142857143 0.021850899742930592
0 0.19457142857142856 0.8401885175664096 0.012571428571428572 0.038560411311053984
0 0.8662857142857143 0.8258354755784062 0.013142857142857144 0.011568123393316195
0 0.8514285714285714 0.8446872322193659 0.07485714285714286 0.05184233076263925
0 0.5968571428571429 0.8459725792630677 0.06685714285714285 0.05698371893744644
0 0.9374285714285714 0.823050556983719 0.019428571428571427 0.013710368466152529
0 0.5742857142857143 0.8254070265638389 0.013142857142857144 0.01842330762639246
0 0.883 0.8200514138817481 0.01685714285714286 0.00856898029134533
0 0.7212857142857143 0.8172664952870609 0.011142857142857144 0.011568123393316195
0 0.9095714285714286 0.8354755784061697 0.074 0.06255355612682091
0 0.5914285714285714 0.81191088260497 0.018857142857142857 0.01713796058269066
0 0.7922857142857143 0.8131962296486718 0.021142857142857144 0.023993144815766924
0 0.6412857142857142 0.810197086546701 0.023714285714285716 0.02056555269922879
0 0.5257142857142857 0.7952013710368466 0.012571428571428572 0.009425878320479864
0 0.8145714285714286 0.8022707797772065 0.025714285714285714 0.02699228791773779
0 0.991 0.7898457583547558 0.018 0.010711225364181662
0 0.00842857142857143 0.7919880034275921 0.01685714285714286 0.019280205655526992
0 0.7277142857142858 0.8676092544987146 0.25314285714285717 0.17223650385604114
0 0.9781428571428571 0.7806341045415596 0.008285714285714285 0.017994858611825194
0 0.571 0.7787060839760068 0.012857142857142857 0.015852613538988862
0 0.5102857142857142 0.7731362467866324 0.014285714285714285 0.02699228791773779
0 0.493 0.7607112253641817 0.014 0.00985432733504713
0 0.521 0.7643530419880035 0.010571428571428572 0.027420736932305057
0 0.9087142857142857 0.7829905741216795 0.10714285714285714 0.08011996572407884
0 0.8944285714285715 0.7362896315338475 0.024857142857142855 0.008997429305912597
0 0.9511428571428572 0.7347900599828621 0.024 0.01970865467009426
0 0.27071428571428574 0.583547557840617 0.023142857142857142 0.01713796058269066
0 0.06442857142857143 0.580548414738646 0.018571428571428572 0.023993144815766924
0 0.2892857142857143 0.5589117395029991 0.04485714285714286 0.02699228791773779
0 0.1387142857142857 0.5497000856898029 0.012285714285714285 0.009425878320479864
0 0.4135714285714286 0.5428449014567267 0.020285714285714285 0.015424164524421594
0 0.43357142857142855 0.5302056555269923 0.019142857142857142 0.01842330762639246
0 0.14785714285714285 0.5254927163667523 0.02142857142857143 0.013281919451585262
0 0.12485714285714286 0.5235646958011997 0.012 0.009425878320479864
0 0.29514285714285715 0.5134961439588689 0.012 0.01842330762639246
0 0.18557142857142858 0.5115681233933161 0.022571428571428572 0.017994858611825194
0 0.6651428571428571 0.5055698371893744 0.011428571428571429 0.013710368466152529
0 0.16685714285714287 0.5051413881748072 0.009714285714285713 0.01456726649528706
0 0.6485714285714286 0.5040702656383891 0.021142857142857144 0.019280205655526992
0 0.6737142857142857 0.5070694087403599 0.004571428571428572 0.026135389888603255
0 0.026714285714285715 0.5293487574978577 0.05342857142857143 0.0792630676949443
0 0.24514285714285713 0.48414738646101113 0.012 0.018851756640959727
0 0.115 0.4929305912596401 0.032857142857142856 0.037275064267352186
0 0.7241428571428571 0.4723650385604113 0.01 0.008997429305912597
0 0.8924285714285715 0.4620822622107969 0.012857142857142857 0.011568123393316195
0 0.6381428571428571 0.4717223650385604 0.006 0.03513281919451585
0 0.8622857142857143 0.4449443016281063 0.013142857142857144 0.015852613538988862
0 0.208 0.4434447300771208 0.013142857142857144 0.01713796058269066
0 0.7054285714285714 0.43723221936589546 0.010857142857142857 0.008997429305912597
0 0.725 0.43444730077120824 0.009428571428571429 0.011996572407883462
0 0.148 0.4314481576692374 0.012 0.018851756640959727
0 0.169 0.4278063410454156 0.014571428571428572 0.012425021422450729
0 0.13857142857142857 0.4190231362467866 0.0074285714285714285 0.013710368466152529
0 0.5351428571428571 0.4149528706083976 0.012571428571428572 0.014138817480719794
0 0.25385714285714284 0.4055269922879177 0.030571428571428572 0.013281919451585262
0 0.24 0.3943873179091688 0.018857142857142857 0.008140531276778063
0 0.8518571428571429 0.389031705227078 0.040857142857142856 0.07455012853470437
0 0.9934285714285714 0.3523993144815767 0.013142857142857144 0.03984575835475578
0 0.458 0.3333333333333333 0.009142857142857144 0.016281062553556127
0 0.8891428571428571 0.3393316195372751 0.01657142857142857 0.04027420736932305
0 0.5 0.6186803770351328 1.0 0.622107969151671
0 0.9868571428571429 0.3112682090831191 0.013142857142857144 0.02442159383033419
0 0.7415714285714285 0.31041131105398456 0.006571428571428572 0.038131962296486716
0 0.5085714285714286 0.2787060839760069 0.013714285714285714 0.016709511568123392
0 0.24871428571428572 0.30719794344473006 0.046 0.10197086546700942
0 0.7241428571428571 0.28063410454155957 0.012285714285714285 0.050556983718937444
0 0.9794285714285714 0.2467866323907455 0.028 0.02056555269922879
0 0.492 0.23157669237360753 0.013142857142857144 0.014138817480719794
0 0.7242857142857143 0.2326478149100257 0.009714285714285713 0.018851756640959727
0 0.3087142857142857 0.22707797772065125 0.015142857142857144 0.012853470437017995
0 0.9932857142857143 0.2191516709511568 0.013428571428571429 0.01842330762639246
0 0.25457142857142856 0.224293059125964 0.008 0.031276778063410456
0 0.447 0.2099400171379606 0.03 0.022279348757497857
0 0.7188571428571429 0.1870179948586118 0.006857142857142857 0.019280205655526992
0 0.2725714285714286 0.18916023993144815 0.02857142857142857 0.03641816623821765
0 0.9791428571428571 0.1893744644387318 0.04171428571428572 0.04884318766066838
0 0.5167142857142857 0.27742073693230507 0.09114285714285714 0.25664095972579265
0 0.9658571428571429 0.14074550128534705 0.007714285714285714 0.013281919451585262
0 0.559 0.13753213367609254 0.014571428571428572 0.017994858611825194
0 0.9927142857142857 0.1443873179091688 0.014571428571428572 0.04284490145672665
0 0.4602857142857143 0.16988003427592116 0.025714285714285714 0.09554413024850043
0 0.469 0.1411739502999143 0.01742857142857143 0.05098543273350471
0 0.7368571428571429 0.09404455869751499 0.012 0.012425021422450729
0 0.5077142857142857 0.08226221079691516 0.010285714285714285 0.016281062553556127
0 0.32185714285714284 0.13024850042844902 0.08714285714285715 0.11225364181662383
0 0.5284285714285715 0.06705227077977721 0.013428571428571429 0.014138817480719794
0 0.9417142857142857 0.05248500428449015 0.02457142857142857 0.04155955441302485
0 0.9894285714285714 0.05269922879177378 0.021142857142857144 0.056555269922879174
0 0.9622857142857143 0.038774635818337615 0.02857142857142857 0.031276778063410456
0 0.5737142857142857 0.02956298200514139 0.015428571428571429 0.015424164524421594
0 0.7688571428571429 0.04263067694944302 0.045142857142857144 0.08526135389888603
0 0.633 0.016923736075407026 0.009428571428571429 0.03384747215081405
0 0.46585714285714286 0.10861182519280206 0.16714285714285715 0.21722365038560412
0 0.09114285714285714 0.030419880034275922 0.03314285714285714 0.060839760068551844
0 0.071 0.008997429305912597 0.01685714285714286 0.017994858611825194
