0 0.484375 0.6076388888888888 0.0484375 0.06805555555555555
0 0.964453125 0.60625 0.06953125 0.08472222222222223
0 0.246875 0.36875 0.0234375 0.04861111111111111
0 0.2 0.25555555555555554 0.0296875 0.030555555555555555
0 0.114453125 0.15555555555555556 0.03203125 0.06388888888888888
0 0.548046875 0.11944444444444445 0.08203125 0.08055555555555556
0 0.4359375 0.06180555555555556 0.0328125 0.04027777777777778
0 0.4859375 0.044444444444444446 0.0421875 0.05277777777777778
0 0.648046875 0.5 0.70390625 1.0
0 0.24375 0.052083333333333336 0.0671875 0.10416666666666667
0 0.1765625 0.013194444444444444 0.0328125 0.02638888888888889
