0 0.411376953125 0.8880208333333334 0.01611328125 0.057291666666666664
0 0.98974609375 0.7608506944444444 0.0205078125 0.04079861111111111
0 0.45947265625 0.7760416666666666 0.021484375 0.14756944444444445
0 0.408447265625 0.6323784722222222 0.01123046875 0.09635416666666667
0 0.664794921875 0.546875 0.02001953125 0.1440972222222222
0 0.92236328125 0.4735243055555556 0.0146484375 0.025173611111111112
0 0.98583984375 0.4644097222222222 0.0283203125 0.1111111111111111
0 0.93310546875 0.5633680555555556 0.1337890625 0.4149305555555556
0 0.926025390625 0.35546875 0.01416015625 0.028645833333333332
0 0.88037109375 0.3871527777777778 0.076171875 0.18229166666666666
0 0.91162109375 0.2877604166666667 0.021484375 0.019965277777777776
0 0.90673828125 0.2677951388888889 0.0224609375 0.021701388888888888
0 0.865966796875 0.2703993055555556 0.01318359375 0.03732638888888889
0 0.937744140625 0.1909722222222222 0.03369140625 0.07291666666666667
0 0.9130859375 0.16536458333333334 0.0185546875 0.035590277777777776
0 0.970703125 0.13975694444444445 0.03125 0.09027777777777778
0 0.475830078125 0.4717881944444444 0.86669921875 0.9435763888888888
