0 0.36770833333333336 0.9712430426716141 0.11041666666666666 0.0575139146567718
0 0.49947916666666664 0.9545454545454546 0.11979166666666667 0.09090909090909091
0 0.12447916666666667 0.8877551020408163 0.053125 0.0686456400742115
0 0.29791666666666666 0.862708719851577 0.05416666666666667 0.04452690166975881
0 0.5145833333333333 0.7755102040816326 0.075 0.05194805194805195
0 0.10885416666666667 0.7940630797773655 0.04479166666666667 0.08905380333951762
0 0.043229166666666666 0.7931354359925789 0.036458333333333336 0.09461966604823747
0 0.7432291666666667 0.7606679035250464 0.036458333333333336 0.05194805194805195
0 0.190625 0.7653061224489796 0.05 0.08348794063079777
0 0.5541666666666667 0.7244897959183674 0.04375 0.061224489795918366
0 0.08489583333333334 0.6205936920222634 0.057291666666666664 0.07606679035250463
0 0.040625 0.49257884972170685 0.08125 0.18738404452690166
0 0.3734375 0.39239332096474955 0.709375 0.7847866419294991
