0 0.6076581576026637 0.9283333333333333 0.4716981132075472 0.14333333333333334
0 0.925638179800222 0.8441666666666666 0.14872364039955605 0.065
0 0.6287458379578247 0.5466666666666666 0.049944506104328525 0.04666666666666667
0 0.9228634850166482 0.4975 0.049944506104328525 0.058333333333333334
0 0.9794672586015538 0.49166666666666664 0.041065482796892344 0.05
0 0.9855715871254163 0.4325 0.02885682574916759 0.055
0 0.05160932297447281 0.42083333333333334 0.10321864594894561 0.185
0 0.22197558268590456 0.2866666666666667 0.06659267480577137 0.06333333333333334
0 0.6653718091009989 0.2175 0.08324084350721421 0.12166666666666667
0 0.10932297447280799 0.23166666666666666 0.1609322974472808 0.16666666666666666
0 0.25749167591564925 0.17 0.1309655937846837 0.11
0 0.30854605993340734 0.09 0.05549389567147614 0.12333333333333334
0 0.5 0.5 1.0 1.0
