0 0.5377777777777778 0.9775 0.05555555555555555 0.045
0 0.695 0.8958333333333334 0.03 0.075
0 0.8277777777777777 0.9266666666666666 0.34444444444444444 0.14666666666666667
0 0.01611111111111111 0.8741666666666666 0.03222222222222222 0.058333333333333334
0 0.09666666666666666 0.8766666666666667 0.07111111111111111 0.07333333333333333
0 0.020555555555555556 0.7616666666666667 0.04111111111111111 0.05333333333333334
0 0.7094444444444444 0.7858333333333334 0.03888888888888889 0.10833333333333334
0 0.705 0.7441666666666666 0.025555555555555557 0.09166666666666666
0 0.27666666666666667 0.5991666666666666 0.08222222222222222 0.33166666666666667
0 0.3038888888888889 0.5441666666666667 0.058888888888888886 0.32166666666666666
0 0.15555555555555556 0.6066666666666667 0.3111111111111111 0.5233333333333333
0 0.16333333333333333 0.3325 0.04 0.08833333333333333
0 0.011666666666666667 0.295 0.023333333333333334 0.06
0 0.39 0.19416666666666665 0.03333333333333333 0.065
0 0.3572222222222222 0.1375 0.03666666666666667 0.10833333333333334
0 0.7783333333333333 0.5008333333333334 0.4211111111111111 0.885
0 0.9794444444444445 0.08666666666666667 0.04111111111111111 0.11
0 0.455 0.5 0.2588888888888889 1.0
0 0.35944444444444446 0.028333333333333332 0.058888888888888886 0.056666666666666664
