0 0.07647058823529412 0.9953134153485648 0.01764705882352941 0.009373169302870533
0 0.02 0.9939953134153485 0.006274509803921568 0.01200937316930287
0 0.025294117647058825 0.9789103690685413 0.006666666666666667 0.008201523140011716
0 0.08568627450980393 0.984182776801406 0.01019607843137255 0.021675454012888107
0 0.008627450980392156 0.9847685998828354 0.017254901960784313 0.03046280023432923
0 0.054607843137254905 0.9689513766842414 0.05156862745098039 0.062097246631517285
0 0.9687254901960785 0.9664616285881664 0.06254901960784313 0.06707674282366725
0 0.030490196078431373 0.8837141183362625 0.016274509803921568 0.016403046280023433
0 0.015980392156862745 0.8963093145869947 0.03196078431372549 0.07967193907439953
0 0.015980392156862745 0.8412419449326304 0.015490196078431372 0.03632103104862332
0 0.10754901960784313 0.7561511423550088 0.005686274509803921 0.013181019332161687
0 0.10264705882352941 0.7513181019332161 0.006862745098039216 0.00995899238429994
0 0.05774509803921569 0.7779730521382543 0.09156862745098039 0.10779144698301113
0 0.017549019607843136 0.729203280609256 0.017058823529411765 0.016695957820738138
0 0.10519607843137255 0.7207088459285296 0.00607843137254902 0.01200937316930287
0 0.003431372549019608 0.7195371997656708 0.006862745098039216 0.01611013473930873
0 0.02372549019607843 0.6865846514352666 0.00823529411764706 0.025190392501464556
0 0.011862745098039215 0.6632981839484475 0.006470588235294118 0.011423550087873463
0 0.006862745098039216 0.663444639718805 0.005490196078431373 0.015817223198594025
0 0.5 0.5 1.0 1.0
0 0.06313725490196079 0.01054481546572935 0.00980392156862745 0.0210896309314587
