0 0.11858638743455498 0.9605 0.04659685863874346 0.053
0 0.35837696335078534 0.949 0.0193717277486911 0.032
0 0.43717277486910994 0.954 0.015706806282722512 0.056
0 0.20706806282722512 0.9395 0.03612565445026178 0.065
0 0.08795811518324607 0.914 0.02198952879581152 0.02
0 0.17041884816753927 0.93 0.06230366492146597 0.06
0 0.7327225130890053 0.895 0.04554973821989529 0.052
0 0.13350785340314136 0.871 0.08795811518324607 0.068
0 0.23979057591623038 0.407 0.019895287958115182 0.036
0 0.8942408376963351 0.3375 0.024083769633507852 0.023
0 0.2651832460732984 0.3645 0.06963350785340314 0.081
0 0.9929319371727748 0.3255 0.014136125654450262 0.037
0 0.7701570680628272 0.3 0.041884816753926704 0.062
0 0.8965968586387435 0.284 0.049738219895287955 0.036
0 0.8136125654450261 0.304 0.033507853403141365 0.082
0 0.26544502617801047 0.2695 0.05340314136125655 0.103
0 0.912303664921466 0.2375 0.07172774869109948 0.053
0 0.7806282722513089 0.2335 0.04397905759162304 0.075
0 0.2960732984293194 0.204 0.06439790575916231 0.056
0 0.2591623036649215 0.1865 0.020942408376963352 0.043
0 0.8782722513089005 0.196 0.024607329842931937 0.068
0 0.32094240837696336 0.1735 0.019895287958115182 0.035
0 0.8167539267015707 0.208 0.024083769633507852 0.114
0 0.9068062827225131 0.156 0.020942408376963352 0.022
0 0.2761780104712042 0.1525 0.01832460732984293 0.049
0 0.7814136125654451 0.1375 0.016230366492146597 0.043
0 0.8109947643979057 0.121 0.016753926701570682 0.032
0 0.8903141361256545 0.132 0.05392670157068063 0.062
0 0.293979057591623 0.107 0.026701570680628273 0.06
0 0.7651832460732985 0.088 0.025654450261780103 0.036
0 0.368848167539267 0.0875 0.05392670157068063 0.069
0 0.8759162303664921 0.064 0.023036649214659685 0.032
0 0.3044502617801047 0.0405 0.034031413612565446 0.051
0 0.6562827225130891 0.484 0.687434554973822 0.968
0 0.39083769633507853 0.022 0.03926701570680628 0.044
0 0.12041884816753927 0.453 0.24083769633507854 0.906
