0 0.9633333333333334 0.9088888888888889 0.07333333333333333 0.18222222222222223
0 0.96875 0.8238888888888889 0.0275 0.034444444444444444
0 0.9845833333333334 0.7283333333333334 0.024166666666666666 0.08777777777777777
0 0.9675 0.6516666666666666 0.056666666666666664 0.05
0 0.8983333333333333 0.6438888888888888 0.03 0.05444444444444444
0 0.010416666666666666 0.5677777777777778 0.020833333333333332 0.08
0 0.315 0.5305555555555556 0.03166666666666667 0.05444444444444444
0 0.3541666666666667 0.5744444444444444 0.14833333333333334 0.3022222222222222
0 0.8225 0.43166666666666664 0.04 0.052222222222222225
0 0.15458333333333332 0.4083333333333333 0.0825 0.12555555555555556
0 0.22916666666666666 0.25666666666666665 0.06333333333333334 0.044444444444444446
0 0.5654166666666667 0.25 0.035833333333333335 0.04
0 0.19541666666666666 0.21888888888888888 0.04583333333333333 0.02666666666666667
0 0.8975 0.2361111111111111 0.06666666666666667 0.19666666666666666
0 0.9366666666666666 0.06833333333333333 0.11833333333333333 0.13666666666666666
0 0.8283333333333334 0.08777777777777777 0.115 0.17555555555555555
0 0.48333333333333334 0.5 0.9666666666666667 1.0
