0 0.6240234375 0.9924825815914925 0.01123046875 0.015034836817015035
0 0.8114013671875 0.9746974697469747 0.011474609375 0.018335166850018333
0 0.649658203125 0.9803813714704804 0.01953125 0.039237257059039236
0 0.6951904296875 0.9475614228089475 0.009033203125 0.013934726806013934
0 0.750732421875 0.9501283461679502 0.0078125 0.020535386872020535
0 0.784912109375 0.9693802713604693 0.025390625 0.06123945727906124
0 0.1173095703125 0.933993399339934 0.010009765625 0.016134946828016136
0 0.1036376953125 0.9294096076274294 0.011962890625 0.015768243491015767
0 0.989990234375 0.8951228456178951 0.009765625 0.0176017601760176
0 0.9906005859375 0.30564723138980565 0.018798828125 0.04437110377704437
0 0.9801025390625 0.28657865786578657 0.007568359375 0.009167583425009167
0 0.995849609375 0.2467913458012468 0.00830078125 0.021268793546021268
0 0.9664306640625 0.24844151081774843 0.034423828125 0.0539053905390539
0 0.9781494140625 0.21800513384671802 0.010986328125 0.015768243491015767
0 0.9088134765625 0.1961862852951962 0.010986328125 0.0176017601760176
0 0.96142578125 0.19636963696369636 0.01171875 0.02676934360102677
0 0.9935302734375 0.18335166850018336 0.012939453125 0.020535386872020535
0 0.8902587890625 0.18115144847818115 0.010986328125 0.018335166850018333
0 0.9798583984375 0.15914924825815915 0.010986328125 0.02566923359002567
0 0.9833984375 0.138980564723139 0.0107421875 0.010267693436010267
0 0.17578125 0.12522918958562523 0.00830078125 0.0187018701870187
0 0.9927978515625 0.14338100476714338 0.014404296875 0.05647231389805647
0 0.217041015625 0.1057939127246058 0.0068359375 0.015034836817015035
0 0.9951171875 0.08782544921158783 0.009765625 0.014301430143014302
0 0.230712890625 0.0924092409240924 0.00830078125 0.0242024202420242
0 0.251708984375 0.061606160616061605 0.01025390625 0.01906857352401907
0 0.9964599609375 0.05757242390905757 0.007080078125 0.016134946828016136
0 0.9947509765625 0.00825082508250825 0.010498046875 0.0165016501650165
0 0.5 0.5 1.0 1.0
