0 0.3675464320625611 0.9617391304347827 0.05278592375366569 0.03130434782608696
0 0.44819159335288367 0.8991304347826087 0.26099706744868034 0.20173913043478262
0 0.41935483870967744 0.8530434782608696 0.05474095796676442 0.16521739130434782
0 0.44916911045943303 0.7321739130434782 0.04007820136852395 0.06956521739130435
0 0.9613880742913001 0.4965217391304348 0.04007820136852395 0.09913043478260869
0 0.36852394916911047 0.1956521739130435 0.019550342130987292 0.06086956521739131
0 0.9951124144672532 0.18782608695652173 0.009775171065493646 0.21565217391304348
0 0.667644183773216 0.26956521739130435 0.6236559139784946 0.5391304347826087
0 0.20869990224828935 0.25478260869565217 0.2961876832844575 0.5095652173913043
0 0.023949169110459433 0.11043478260869566 0.047898338220918865 0.22086956521739132
