0 0.5775656324582339 0.996947496947497 0.017501988862370723 0.006105006105006105
0 0.6872182444974808 0.9951159951159951 0.022010076902678335 0.009768009768009768
0 0.7535136568549456 0.9932844932844933 0.006629541235746487 0.013431013431013432
0 0.7223548130469372 0.9932844932844933 0.017501988862370723 0.013431013431013432
0 0.8020418987006099 0.9912494912494912 0.012993900822063113 0.017501017501017502
0 0.7040572792362768 0.9912494912494912 0.00954653937947494 0.017501017501017502
0 0.5847255369928401 0.985958485958486 0.006894722885176346 0.014245014245014245
0 0.41010342084327767 0.9873829873829874 0.04375497215592681 0.025234025234025233
0 0.9835587377353487 0.9560439560439561 0.007955449482895784 0.01221001221001221
0 0.6983558737735349 0.9633699633699634 0.016706443914081145 0.03663003663003663
0 0.7686290108724476 0.9721204721204721 0.03739061256961018 0.05575905575905576
0 0.7230177671705118 0.9621489621489622 0.024661893396976928 0.05046805046805047
0 0.6225139220365951 0.9678469678469679 0.045346062052505964 0.06430606430606431
0 0.6877486077963405 0.9324379324379325 0.006629541235746487 0.013024013024013023
0 0.8082736674622116 0.9330484330484331 0.01007690267833466 0.015873015873015872
0 0.5668257756563246 0.9306064306064306 0.010872447626624237 0.018315018315018316
0 0.6055422964730841 0.9334554334554335 0.011933174224343675 0.02971102971102971
0 0.5798196764783877 0.9452584452584453 0.01882789710952002 0.05657305657305657
0 0.8839830283744365 0.922059422059422 0.008220631132325643 0.011803011803011803
0 0.8975072924953593 0.927960927960928 0.010872447626624237 0.04314204314204314
0 0.3908777512596128 0.9222629222629223 0.01909307875894988 0.03581603581603582
0 0.8400954653937948 0.9126984126984127 0.01485017236807213 0.02564102564102564
0 0.833996287456908 0.8994708994708994 0.011137629276054098 0.010582010582010581
0 0.7870591355078228 0.9326414326414326 0.03394325112702201 0.08343508343508343
0 0.8117210289047998 0.8996743996743997 0.014319809069212411 0.022385022385022386
0 0.771678599840891 0.9133089133089133 0.045080880403076104 0.057794057794057795
0 0.7268629010872447 0.8760683760683761 0.006364359586316627 0.037037037037037035
0 0.486740917528507 0.9255189255189256 0.16520816759480245 0.14896214896214896
0 0.7149297268629011 0.8748473748473748 0.01856271546009016 0.05901505901505902
0 0.3731105807478122 0.8707773707773708 0.02439671174754707 0.05982905982905983
0 0.8570670909573057 0.8498168498168498 0.021744895253248474 0.02442002442002442
0 0.3134447096260939 0.8325193325193325 0.007955449482895784 0.011803011803011803
0 0.6132325643065499 0.8701668701668702 0.028374436488994962 0.09605209605209605
0 0.7118801378944577 0.836996336996337 0.010872447626624237 0.030525030525030524
0 0.2618668788119862 0.8233618233618234 0.00928135773004508 0.009768009768009768
0 0.7967382657120128 0.8327228327228328 0.024661893396976928 0.031746031746031744
0 0.5498541500928136 0.8717948717948718 0.07822858658180853 0.11314611314611314
0 0.7569610182975338 0.8420838420838421 0.022010076902678335 0.057794057794057795
0 0.2448952532484752 0.8099308099308099 0.010342084327764518 0.013838013838013839
0 0.6975603288252453 0.8113553113553114 0.0076902678334659245 0.01912901912901913
0 0.5816759480243967 0.8237688237688238 0.015115354017501989 0.04477004477004477
0 0.7626624237602758 0.8028083028083028 0.012728719172633254 0.018315018315018316
0 0.5047732696897375 0.8028083028083028 0.01405462741978255 0.024827024827024827
0 0.4760010607265977 0.7958892958892959 0.008485812781755503 0.013431013431013432
0 0.7499337045876425 0.8048433048433048 0.01007690267833466 0.03296703296703297
0 0.48939273402280564 0.7893772893772893 0.013524264120922832 0.014245014245014245
0 0.8602492707504641 0.7964997964997965 0.015380535666931849 0.031746031746031744
0 0.39273402280562186 0.8040293040293041 0.03765579421904004 0.047619047619047616
0 0.6917263325377884 0.7777777777777778 0.010342084327764518 0.01628001628001628
0 0.713206046141607 0.7865282865282865 0.012463537523203394 0.03785103785103785
0 0.4384778573322726 0.7973137973137974 0.053301511535401754 0.06186406186406186
0 0.7268629010872447 0.7859177859177859 0.015910898965791568 0.05698005698005698
0 0.375497215592681 0.7671957671957672 0.012198355873773535 0.02035002035002035
0 0.5491911959692389 0.7653642653642654 0.005303632988597189 0.01912901912901913
0 0.588835852559003 0.7661782661782662 0.004508088040307611 0.032153032153032154
0 0.8626359055953328 0.7625152625152625 0.006894722885176346 0.026455026455026454
0 0.547202333598515 0.8087098087098087 0.08406258286926545 0.12291412291412292
0 0.7834791832405198 0.7553927553927554 0.011933174224343675 0.022792022792022793
0 0.7211614956245028 0.7486772486772487 0.0098117210289048 0.015059015059015059
0 0.7508618403606471 0.7462352462352463 0.008220631132325643 0.015873015873015872
0 0.5790241315300981 0.7612942612942613 0.012993900822063113 0.04599104599104599
0 0.8386369663219305 0.7525437525437525 0.020949350304958897 0.03337403337403337
0 0.6506231768761602 0.7415547415547415 0.017767170511800583 0.01628001628001628
0 0.381066030230708 0.7417582417582418 0.00954653937947494 0.018315018315018316
0 0.5582073720498542 0.7533577533577533 0.02015380535666932 0.055352055352055354
0 0.8304163351896049 0.7313797313797313 0.008220631132325643 0.01221001221001221
0 0.6519490851233095 0.7285307285307285 0.006629541235746487 0.01221001221001221
0 0.24728188809334395 0.7301587301587301 0.010872447626624237 0.018722018722018723
0 0.42429063908777515 0.7350427350427351 0.023335985149827633 0.03337403337403337
0 0.462211614956245 0.7155067155067155 0.008485812781755503 0.014652014652014652
0 0.5352691593741713 0.7098087098087098 0.008220631132325643 0.009768009768009768
0 0.4411296738265712 0.7077737077737077 0.010872447626624237 0.019536019536019536
0 0.6382922301776717 0.6943426943426944 0.012198355873773535 0.019536019536019536
0 0.8541500928135773 0.6943426943426944 0.020684168655529037 0.022792022792022793
0 0.41500928135773 0.6837606837606838 0.012198355873773535 0.021164021164021163
0 0.8704587642535137 0.6778591778591778 0.007159904534606206 0.015873015873015872
0 0.39896579156722356 0.6792836792836793 0.01882789710952002 0.02442002442002442
0 0.6486343145054362 0.8036223036223036 0.10660302307080351 0.2804232804232804
0 0.5900291699814373 0.6746031746031746 0.00477326968973747 0.022385022385022386
0 0.7738000530363299 0.6703296703296703 0.013259082471492973 0.02197802197802198
0 0.7289843542826836 0.6664631664631665 0.008485812781755503 0.02157102157102157
0 0.6679925749138159 0.7016687016687017 0.04402015380535667 0.0993080993080993
0 0.5799522673031027 0.6532356532356532 0.01007690267833466 0.025234025234025233
0 0.6644126226465129 0.6481481481481481 0.006099177936886768 0.015873015873015872
0 0.5237337576239725 0.6491656491656491 0.011137629276054098 0.023606023606023607
0 0.8801378944577035 0.6516076516076517 0.02545743834526651 0.03825803825803826
0 0.8715194908512331 0.6367521367521367 0.012463537523203394 0.01912901912901913
0 0.6845664280031821 0.608058608058608 0.012993900822063113 0.023606023606023607
0 0.6060726597719438 0.5948310948310949 0.007159904534606206 0.012617012617012617
0 0.8575974542561655 0.5494505494505495 0.007425086184036065 0.022792022792022793
0 0.5954653937947494 0.5333740333740333 0.00503845133916733 0.016687016687016686
0 0.28798727128082735 0.5997150997150997 0.046141607000795545 0.15995115995115994
0 0.3300185627154601 0.5223850223850224 0.0098117210289048 0.017501017501017502
0 0.18125165738530893 0.466015466015466 0.010342084327764518 0.01628001628001628
0 0.10010607265977195 0.443019943019943 0.012463537523203394 0.028083028083028084
0 0.11336515513126491 0.43040293040293043 0.011402810925483956 0.01912901912901913
0 0.18363829223017766 0.4076109076109076 0.05277114823654203 0.08506308506308506
0 0.17899761336515513 0.32865282865282863 0.008485812781755503 0.016687016687016686
0 0.12118801378944577 0.3268213268213268 0.011667992574913817 0.01790801790801791
0 0.1101829753381066 0.31196581196581197 0.008750994431185362 0.013431013431013432
0 0.5258552108194113 0.48575498575498577 0.9482895783611774 0.9715099715099715
