0 0.3992863720073665 0.8615331491712708 0.036141804788213626 0.011049723756906077
0 0.9005524861878453 0.8071477900552486 0.007826887661141806 0.010013812154696133
0 0.8781077348066298 0.8090469613259669 0.03752302025782689 0.04488950276243094
0 0.9286372007366482 0.6933701657458563 0.008747697974217311 0.013812154696132596
0 0.9491252302025782 0.4492403314917127 0.010128913443830571 0.015883977900552487
0 0.8276933701657458 0.4469958563535912 0.017265193370165747 0.01691988950276243
0 0.8455340699815838 0.43560082872928174 0.009208103130755065 0.015538674033149171
0 0.7928176795580111 0.28953729281767954 0.007366482504604052 0.015538674033149171
0 0.8187154696132597 0.14450966850828728 0.028775322283609576 0.043162983425414365
0 0.8644106813996317 0.12137430939226519 0.007366482504604052 0.02796961325966851
0 0.0447744014732965 0.10946132596685083 0.011740331491712707 0.019337016574585635
0 0.4791666666666667 0.4400897790055249 0.9583333333333334 0.8801795580110497
