0 0.49 0.59625 0.03833333333333333 0.055
0 0.405 0.574375 0.03333333333333333 0.05625
0 0.53375 0.571875 0.034166666666666665 0.07375
0 0.475 0.544375 0.03 0.05125
0 0.3720833333333333 0.536875 0.034166666666666665 0.05875
0 0.5441666666666667 0.48875 0.023333333333333334 0.04
0 0.6179166666666667 0.43875 0.020833333333333332 0.0425
0 0.4170833333333333 0.51125 0.07416666666666667 0.205
0 0.6320833333333333 0.53625 0.15083333333333335 0.3
0 0.7670833333333333 0.201875 0.0575 0.09375
0 0.8408333333333333 0.160625 0.04666666666666667 0.11875
0 0.7641666666666667 0.121875 0.028333333333333332 0.04875
